1.3169261 0.0148832 0.2291868 -0.3167113 -0.3161374 0.1014422 -0.3589979 -0.3096510 0.1270394 0.8802647 -0.5114775 -0.4591122 0.3270382 -0.4817690 0.9151939 0.0814536 -0.0202495 0.6370952 -0.1844239 -0.2178806 -0.4177219 0.1409088 0.3263053 -0.3067540 0.6492836 0.5024597 0.0367317 0.0592430 -0.2860826 0.5940105 -0.4229971 0.5498405 -0.3321987 0.3932282 0.5981873 0.4008122 -0.0236397 0.1868862 0.4840555 -0.5536851 -0.5448818 -0.4474183 -0.3763990 -0.5701885 -0.5276503 0.1698408 -0.4711048 0.2434846 -0.2855990 -0.3623786 -0.5194315 0.1379558 -0.4129827 -0.4575435 -0.5326135 0.3091017 0.4439296 -0.3486733 0.2716741 0.1549014 0.5115452 -0.5066483 0.2489358 -0.0069089 -0.3142470 0.0456725 0.4416401 0.1795306 -0.1701759 0.0802596 0.6326016 -0.2504700 -0.2506094 0.0157249 -0.2017866 0.4704022 0.0813581 -0.3721642 0.0839062 -0.3478845 -0.5112377 0.0946241 0.2223725 0.5571861 0.2337631 -0.4874537 0.0557171 -0.3974868 0.7874748 -0.0011038 0.1070702 0.5393227 -0.3112630 -0.3127078 -0.3255008 -0.1561587 -0.5524295 0.3171507 0.2139072 0.2050913 -0.4695846 -0.3544250 0.4829991 0.0317920 0.0332033 -0.3919450 0.6845504 0.2652337 -0.1498898 0.4580975 0.3661636 -0.4052612 0.9501893 0.3867342 0.0321473 0.3092335 0.7690478 0.2267500 0.2247008 0.1441078 0.2136254 0.4712559 -0.0815136 -0.1424216 -0.3637213 -0.5173624 0.0792374 0.2962380 -0.5071768 0.4489700 0.6119248 -0.4258959 -0.1917756 -0.3017052 0.0645554 -0.0515997 0.1567317 0.4279440 0.3133506 0.3463944 -0.3838311 -0.3956919 -0.5132430 -0.3207929 -0.3030683 -0.2700474 -0.4691780 -0.4504209 -0.4602277 0.1170873 0.4331024 -0.2348521 0.5507047 -0.4032418 0.2907372 -0.2259688 -0.2765279 -0.4694113 -0.4795346 0.5154051 -0.4225212 0.1933305 -0.2956083 -0.4562415 0.3908347 -0.4700513 0.0989088 0.2053642 0.2733167 0.1597031 0.3106252 -0.3839487 -0.3460582 0.4521281 0.0291432 -0.5063425 -0.5485233 0.0740376 -0.3180802
0.0148832 1.0960345 0.7539315 0.1286243 0.3796082 -0.1428769 0.2129950 0.1054095 -0.1861237 -0.2707742 0.1258454 0.0693981 0.2415589 0.1261594 -0.2882178 -0.2932520 0.6036785 -0.5286459 -0.1735731 0.1921704 -0.0717034 0.1845568 0.0365176 0.3203951 0.1544564 0.2176490 0.6307490 0.5616949 0.3447425 -0.5063263 0.0290469 -0.0042725 0.3730279 0.0968033 -0.4737200 -0.2380882 -0.2125525 0.0215525 0.1091536 0.1406944 0.1075068 0.1767054 0.3304729 0.1051315 0.1276208 0.0318766 0.1760722 -0.0773129 0.4016036 0.2027543 0.1207363 -0.1801502 0.0937324 -0.0720217 0.1094986 0.0109294 0.0532952 0.2828334 0.1022526 -0.0589556 -0.0220142 0.1105719 -0.3391891 0.0119750 0.0904199 -0.0675739 -0.1049412 -0.2066248 -0.1382650 0.0875792 0.1781397 0.2540656 0.2881980 -0.2499842 0.3517347 0.1611930 -0.0813328 -0.0086284 -0.0324534 0.1090799 0.0338217 -0.2517388 -0.3725063 -0.5275171 -0.2343047 0.1447918 -0.1824076 -0.1004215 -0.5388740 0.1909836 -0.1696203 0.0509421 0.1128809 -0.1187263 0.0252614 0.2220353 0.1150556 -0.0290557 -0.2240886 -0.1521279 0.0330451 -0.0956452 -0.2844345 -0.2084337 -0.1785451 0.3710965 -0.3674266 -0.4203212 0.2279240 0.0797341 -0.0445908 0.2249108 -0.1299887 -0.4226130 -0.3293525 0.0059768 -0.5072865 -0.2110829 -0.2665097 -0.1407602 -0.2152611 0.0252444 0.0709056 0.2055137 -0.0696929 0.0353642 -0.2237710 -0.1693950 0.0717559 -0.0184950 -0.5080573 0.0545982 0.3725423 -0.1464667 -0.1923044 -0.0572372 -0.0813274 -0.1089405 -0.1800366 -0.3510163 0.0199091 0.2292261 0.1170526 0.3523845 0.3661406 0.3066891 0.1108473 0.0717779 0.1474463 -0.2999568 -0.1622065 0.3431146 -0.1160717 0.1559724 -0.0344020 0.2402632 0.4220123 0.0828750 0.1181290 -0.2236889 -0.1405014 -0.2995773 0.1770260 0.1774609 0.0058097 0.1766762 -0.1122037 -0.2746608 -0.0792874 -0.3050623 -0.3510413 0.0584321 -0.0234437 0.0455255 -0.1183044 -0.0298667 0.0592847 0.0118043 -0.0942955
0.2291868 0.7539315 1.7020272 0.1530259 0.4298583 -0.2807115 0.2214697 0.1252047 -0.2281047 -0.1026003 0.0418696 -0.0484494 0.4234681 0.0028658 -0.1839461 -0.4661883 1.0417689 -0.7219766 -0.3035857 0.2375220 -0.2031510 0.3160685 0.0737738 0.5762239 0.5097139 0.5172067 1.0636568 1.0406258 0.4739433 -0.6148658 -0.1077832 0.1709452 0.5260863 0.1989186 -0.6337401 -0.1591363 -0.3553534 0.1066908 0.3360341 0.0378502 0.0464089 0.2022937 0.4961531 -0.0164687 0.0386657 0.1075013 0.1241168 -0.0850491 0.5344333 0.2201676 0.0196237 -0.2199775 0.0203828 -0.2326048 -0.0132230 0.1538803 0.2160054 0.4677029 0.2429833 -0.1727730 0.1844941 0.0154797 -0.3824469 -0.0833116 0.0654588 -0.2013507 -0.0901955 -0.3450063 -0.3033513 0.0439250 0.4791997 0.4266267 0.4420754 -0.4284962 0.5747225 0.3835386 -0.1081758 -0.1421425 0.0577076 0.0749704 -0.1156071 -0.3192334 -0.5706820 -0.7113060 -0.3723347 0.0611908 -0.3036802 -0.2409535 -0.5392274 0.4164461 -0.2418558 0.1597441 0.1296577 -0.2945685 -0.1431824 0.4698428 0.0192770 0.0213453 -0.2794083 -0.2160044 -0.0792505 -0.2610311 -0.1134528 -0.3948066 -0.3504905 0.4569836 -0.4218399 -0.5296723 0.3347260 0.2066752 0.0514723 0.2056498 0.0530980 -0.4660341 -0.5126761 0.1833576 -0.4697614 -0.3614417 -0.3301012 -0.1977245 -0.2689104 0.2589308 0.2026005 0.3034815 -0.2275281 -0.0776896 -0.2194567 -0.1182463 -0.0795643 0.1291373 -0.6465464 -0.0199408 0.6387651 -0.2720416 -0.3551922 -0.0684609 -0.0547595 -0.0216854 -0.1855273 -0.4548633 -0.1105589 0.2271386 -0.0245112 0.4354640 0.4503921 0.3600822 0.0711723 0.0392638 0.0540244 -0.4211445 -0.1211840 0.5960452 0.0350550 0.1497156 -0.0570046 0.4629882 0.5309910 -0.0542425 0.0283060 -0.2905278 -0.2807306 -0.5097854 0.3243654 0.1314927 0.1517960 0.0489689 -0.1732283 -0.2681306 0.0415518 -0.4228236 -0.4837314 -0.0265355 -0.1131148 0.1439491 -0.2546994 -0.1603712 -0.0839812 0.0494166 -0.1897773
-0.3167113 0.1286243 0.1530259 0.9906379 0.2637892 -0.1963585 0.3259743 0.3758256 0.0287860 -0.6193662 0.3444525 0.3790244 -0.2316343 0.3434648 -0.5946420 -0.2658364 0.3070677 -0.6224564 0.0030779 0.2682139 0.2417964 -0.0025210 -0.2420040 0.3155231 -0.2677258 -0.1722805 0.2242223 0.3240013 0.3404393 -0.6407153 0.3902060 -0.3732331 0.3168330 -0.1944844 -0.6332933 -0.2275856 -0.0451581 -0.2370932 -0.2728550 0.3324956 0.2842473 0.3129484 0.2971142 0.2857910 0.3412626 -0.0550454 0.3180566 -0.1168493 0.2601172 0.3178344 0.2734008 -0.1097010 0.4802962 0.3545026 0.3854662 -0.2552727 -0.2321685 0.3001126 -0.1682881 -0.1886732 -0.2643258 0.2892856 -0.2947593 -0.0187275 0.4782161 -0.1729768 -0.1927610 -0.2572791 -0.0033601 -0.0295901 -0.3349387 0.2206463 0.3613873 -0.0994839 0.3428701 -0.1909119 -0.0750528 0.1560526 -0.1250550 0.3214683 0.4170263 -0.1741684 -0.3318199 -0.6319059 -0.3638075 0.2815054 -0.1924175 0.2313885 -0.6557694 0.1227076 -0.1738529 -0.3929658 0.3781535 0.1919453 0.2052443 0.4275098 0.3242179 -0.2934263 -0.2886562 -0.1324575 0.3274621 0.2116632 -0.3146664 -0.1581820 -0.1562521 0.3438767 -0.5949127 -0.3539702 0.1381656 -0.2331810 -0.3421768 0.2994307 -0.5731195 -0.3789940 -0.1935477 -0.2783483 -0.6436743 -0.3164930 -0.2240626 -0.1736554 -0.1539677 -0.1197569 0.2004787 0.2529837 0.2688155 0.3822223 -0.2096149 -0.1791952 0.3742783 -0.2789984 -0.6322539 0.3707690 0.3323083 0.2052628 -0.2485417 0.0476741 -0.1018101 -0.3590958 -0.3065727 -0.3652331 0.1786298 0.2455026 0.3206730 0.3673676 0.2596390 0.3120728 0.3019810 0.3402582 0.3238917 -0.2421084 -0.2655852 0.2776430 -0.3773034 0.2458534 -0.1037763 0.3783834 0.3288458 0.3365622 0.3055837 -0.4113013 0.1279676 -0.2522574 0.4276863 0.3633347 -0.2327892 0.3531636 -0.1370853 -0.3418389 -0.0866681 -0.1898807 -0.3908683 0.3524712 0.2650460 -0.4464383 -0.1812281 0.4717151 0.3789977 -0.0088406 0.1394473
-0.3161374 0.3796082 0.4298583 0.2637892 1.0717374 -0.2853478 0.5204547 0.1887845 -0.2124688 -0.6806558 0.4011848 0.2466880 0.0370978 0.3628320 -0.6522433 -0.3066943 0.4937432 -0.7689385 -0.0514955 0.3037445 0.1550587 0.0991260 -0.2243177 0.3962065 -0.2208692 -0.0538671 0.5859292 0.3905822 0.4086585 -0.6819884 0.1742234 -0.3523386 0.5309853 -0.0554722 -0.7481194 -0.3870836 -0.2481660 -0.1356795 -0.1893379 0.2995031 0.2562111 0.3340790 0.4041750 0.2862750 0.3065983 -0.1088076 0.3461223 -0.2446143 0.5327069 0.2968092 0.3773387 -0.2104097 0.2599699 0.1070420 0.3080156 -0.1820096 -0.1713634 0.4390026 -0.0256086 -0.1722660 -0.2446401 0.3949262 -0.3593149 -0.0017806 0.1493954 -0.0774508 -0.3431666 -0.2714742 -0.0698782 0.1568923 -0.2188803 0.3700740 0.4442251 -0.2490279 0.5149667 -0.0813846 -0.0332986 0.1616352 0.0298535 0.3712043 0.2201526 -0.2192189 -0.4968186 -0.7507735 -0.3212571 0.4407032 -0.2001395 0.0690719 -0.7540879 0.0695460 -0.2208496 -0.2363299 0.3274282 0.0273613 0.1774923 0.3610479 0.3586052 -0.1693207 -0.3422801 -0.2346513 0.3092056 0.0555921 -0.3961313 -0.2483036 -0.2834688 0.4046072 -0.6973556 -0.5070743 0.3409670 -0.2156873 -0.2232734 0.4452024 -0.5947699 -0.4783655 -0.3187940 -0.2097770 -0.7849854 -0.3819297 -0.3346340 -0.1124941 -0.3597694 -0.1714344 0.1333444 0.3111596 -0.0006263 0.2534080 -0.1728292 -0.2224120 0.2609085 -0.1628942 -0.6042700 0.2344867 0.5603734 -0.0165040 -0.1615484 -0.0068409 -0.1557579 -0.4199457 -0.2723760 -0.5227675 0.2390341 0.4813944 0.3648687 0.4050464 0.5427300 0.4207869 0.3724861 0.2343974 0.3272152 -0.2817469 -0.3311222 0.4425587 -0.1838401 0.4965587 -0.2064967 0.3913956 0.4083821 0.2913045 0.3496685 -0.4337262 0.1121605 -0.3055526 0.3598316 0.3192758 -0.2475101 0.4558909 -0.0721315 -0.2808099 -0.2667252 -0.3932133 -0.3531927 0.2716898 0.1208953 -0.0910592 -0.1002491 0.2816821 0.3357278 -0.0047854 0.1465542
0.1014422 -0.1428769 -0.2807115 -0.1963585 -0.2853478 1.0979246 -0.2680843 -0.2147981 0.0126413 0.2783816 -0.2008054 -0.1772343 -0.0240689 -0.1776113 0.3459856 0.2223108 -0.4261280 0.4768998 0.0205886 -0.1778851 -0.1538171 -0.1486512 0.0578373 -0.3291453 -0.0353067 -0.0562108 -0.3701302 -0.4216749 -0.3262075 0.4782213 -0.1372182 0.1496090 -0.2599200 -0.0340841 0.4606348 0.0428087 0.1406854 0.0825415 0.0288080 0.1845927 0.1631646 0.0577890 0.0605196 0.0593533 -0.0397383 0.0443807 -0.0531083 0.0328186 -0.2361612 0.0704827 -0.1743723 0.1001996 -0.2023104 -0.0473703 -0.1399918 0.0929655 -0.0250778 -0.2802259 0.0248802 0.1438998 0.0178587 -0.1726023 0.2253772 0.1178416 -0.2208171 0.0627440 0.1642227 0.2036360 0.0515367 -0.0801842 0.0424300 -0.2814779 -0.3056237 0.1531229 -0.3116436 -0.0648570 0.0252232 -0.0839683 -0.0007770 -0.2430486 -0.1100521 0.1220935 0.2949076 0.4837293 0.2876247 -0.1919531 0.1413857 -0.0589642 0.3937791 -0.2237390 0.1219329 0.1216452 -0.2372196 0.0467866 -0.0789941 -0.3224595 -0.1810027 0.1072830 0.1992538 0.1071317 -0.2008696 -0.0744409 0.1715856 0.2108048 0.3343541 -0.2578081 0.4407846 0.2798269 0.0495204 0.0015836 0.1335009 -0.1058013 0.2295389 0.1947889 0.1717138 0.1083412 0.4178312 0.2778020 0.0668810 0.0904401 0.0908063 -0.0315942 -0.1430595 -0.2027464 -0.0694058 -0.1017861 0.0517826 0.0654247 -0.1511817 0.0753204 0.4721812 -0.0722429 -0.3717585 -0.0639048 0.2176665 -0.0053538 0.0225078 0.1498813 0.1320927 0.2771140 -0.0937292 -0.2327086 -0.1955319 -0.3094219 -0.2960123 -0.2524124 -0.2137124 -0.2125561 -0.2092336 0.1526420 0.1878844 -0.1794212 0.0834729 -0.2479265 0.0275366 -0.3053039 -0.2924514 0.0639318 -0.1607956 0.2097655 0.2059391 0.2146603 -0.2939629 -0.0958531 0.0313648 -0.2246192 0.0550861 0.1606639 -0.0124034 0.2181863 0.2875605 -0.2226542 -0.0793251 0.0911240 0.1263361 -0.1550116 -0.1609453 -0.0896073 -0.1181592
-0.3589979 0.2129950 0.2214697 0.3259743 0.5204547 -0.2680843 1.1300588 0.2239024 -0.1133418 -0.7212144 0.3923221 0.2670918 -0.1103868 0.4377166 -0.7368688 -0.2740422 0.3849736 -0.7255106 0.0316951 0.3427428 0.2555098 0.0560574 -0.2800984 0.3189498 -0.3535242 -0.2290929 0.3121643 0.2045418 0.4577209 -0.6638502 0.2383243 -0.4352202 0.4644062 -0.1530060 -0.7678829 -0.3781766 -0.2289415 -0.2365720 -0.2631295 0.4031175 0.3527702 0.3591821 0.3864012 0.3831328 0.3976405 -0.1225792 0.3559684 -0.3023874 0.4795805 0.3661762 0.4015062 -0.2125003 0.3794708 0.1639255 0.3716664 -0.2780789 -0.2035968 0.3968577 -0.1784944 -0.2389622 -0.3108031 0.4505986 -0.3385660 0.0235633 0.2657829 -0.1350712 -0.3291132 -0.2914477 -0.0641068 0.1116996 -0.3958546 0.3836179 0.5228779 -0.2131691 0.4430273 -0.1581720 -0.0755704 0.2051765 0.0313543 0.4476469 0.2444001 -0.1828258 -0.4651688 -0.7404070 -0.2487563 0.3793564 -0.2179479 0.1773269 -0.7684412 0.0625070 -0.0852189 -0.3018908 0.4732864 0.0755646 0.1592764 0.2998439 0.4734534 -0.2677992 -0.3402788 -0.2759205 0.3686020 0.0916468 -0.4320585 -0.1905898 -0.2472958 0.3491088 -0.6638220 -0.4537563 0.2606077 -0.3248915 -0.3367282 0.4378283 -0.6911666 -0.4894230 -0.2216956 -0.2611548 -0.7618867 -0.3234676 -0.2982847 -0.1361236 -0.3681258 -0.2057913 0.2890244 0.3137415 0.0448909 0.2722683 -0.1654177 -0.0737691 0.3162002 -0.1748274 -0.6677054 0.2797644 0.4357573 0.0017301 -0.1630182 0.0808912 -0.1554313 -0.4109054 -0.2704467 -0.5329726 0.3067221 0.4499268 0.5193413 0.3405010 0.4632581 0.5154490 0.3860021 0.2781149 0.3462432 -0.2944441 -0.2448409 0.4841630 -0.3385911 0.5794008 -0.2869742 0.4858350 0.3732534 0.3025524 0.3549710 -0.4395800 0.2027272 -0.3209280 0.6072469 0.3548767 -0.3436258 0.5186493 -0.0967614 -0.2503870 -0.2530681 -0.3840807 -0.3469279 0.3263899 0.1949496 -0.1628857 -0.0673321 0.3191558 0.3366160 0.0238226 0.2434203
-0.3096510 0.1054095 0.1252047 0.3758256 0.1887845 -0.2147981 0.2239024 0.9413119 0.0018527 -0.5983652 0.2872675 0.4126965 -0.2366438 0.3337493 -0.6102509 -0.2421701 0.1876883 -0.5741557 0.0245361 0.1638177 0.2112938 -0.0679757 -0.2729529 0.3155290 -0.2104544 -0.2139061 0.2677673 0.3611685 0.3494776 -0.5755146 0.3331663 -0.3428327 0.2251378 -0.1959791 -0.5728511 -0.1100416 0.0170735 -0.2370643 -0.2332930 0.3021106 0.3200580 0.3474955 0.3093657 0.2933109 0.3404950 -0.1924633 0.3114410 -0.0668107 0.2304328 0.3454116 0.2589188 -0.0451070 0.3520534 0.3548211 0.2862893 -0.2391080 -0.2586420 0.3762880 -0.1625517 -0.2185371 -0.2732179 0.2399080 -0.3453639 -0.0096334 0.5333100 -0.1826496 -0.1255392 -0.2259944 -0.0240311 -0.0960544 -0.3389415 0.2113754 0.2891222 -0.0536501 0.2066955 -0.2828159 -0.0538734 0.0958068 -0.1081513 0.2729196 0.3345111 -0.2145517 -0.2614464 -0.5647768 -0.3284200 0.3075559 -0.1758875 0.2395351 -0.5812629 0.1873075 -0.2100045 -0.3680865 0.4252749 0.0925531 0.1337433 0.3555474 0.3018406 -0.2797988 -0.2699998 -0.0954894 0.3789001 0.2407443 -0.3297746 -0.1827988 -0.1192265 0.3755489 -0.5574869 -0.2900650 0.1297842 -0.1395986 -0.2947072 0.2762448 -0.5866782 -0.3249345 -0.1481973 -0.2235070 -0.5901195 -0.2713436 -0.2477207 -0.0623172 -0.0394865 -0.1343379 0.0940434 0.2221655 0.3663662 0.3091649 -0.1687397 -0.2487608 0.3299202 -0.2567169 -0.5465525 0.2742785 0.2022132 0.2845482 -0.2122533 -0.0746312 -0.0378980 -0.3096228 -0.2876967 -0.3616271 0.1285107 0.2377679 0.2826687 0.3584480 0.2586857 0.2445441 0.2378252 0.3786794 0.2836298 -0.2380144 -0.3203763 0.2030738 -0.3879655 0.2538742 -0.0366440 0.1848553 0.2826618 0.3152892 0.2090982 -0.3705289 0.1291261 -0.2204134 0.3184168 0.3386480 -0.2445790 0.2555628 -0.1296222 -0.2307053 -0.0085100 -0.1295931 -0.3246737 0.2507098 0.2077102 -0.3736117 -0.1227429 0.5317928 0.3248886 0.0010808 0.1594416
0.1270394 -0.1861237 -0.2281047 0.0287860 -0.2124688 0.0126413 -0.1133418 0.0018527 1.0129853 0.2285628 -0.1199748 -0.0603549 -0.0869433 -0.0649785 0.2550563 0.1126647 -0.1718286 0.2566517 -0.0416549 -0.0879266 -0.0546163 -0.0421399 0.0163683 -0.2030942 0.0000155 -0.0361844 -0.2024835 -0.1541608 -0.1294830 0.2553584 -0.0282298 0.1014872 -0.1872221 0.0347114 0.3031326 0.1273687 0.1574658 0.0269376 0.0146541 -0.1250468 -0.1521859 -0.1337211 -0.2254898 -0.1166425 -0.1313532 0.0387760 -0.1302279 0.1602438 -0.1867978 -0.0819462 -0.0883301 0.0674006 -0.0003059 0.0617938 -0.0963176 0.0234962 0.0652016 -0.1468091 -0.0231928 0.0494698 0.0683922 -0.1362415 0.1891847 0.0421206 0.0750986 -0.0021589 0.1379561 0.0827180 -0.0155358 0.0053263 0.0078754 -0.1324906 -0.1135158 0.1622402 -0.1544783 0.0104811 0.0758383 -0.0644379 0.0248602 -0.1108132 -0.0517250 0.0704127 0.0910156 0.2507185 0.0520992 -0.1338265 0.0690937 0.0355577 0.2426427 -0.0943458 0.0252467 0.0668627 -0.0499774 0.0027926 -0.0666793 -0.0785721 -0.1475561 0.0326929 0.1043781 0.0891016 -0.0755957 0.0190436 0.2023316 0.0358801 0.0763413 -0.1498530 0.2975331 0.1984507 -0.2107005 0.0497624 -0.0007079 -0.1555023 0.2103214 0.1928438 0.1177362 -0.0060071 0.2447412 0.0878609 0.1378517 -0.0076067 0.1214103 0.1120584 -0.0382348 -0.0835045 0.0161941 -0.0434926 0.0514066 0.0915803 -0.0695724 0.0755574 0.2769403 -0.0544189 -0.2016858 0.0960875 0.0151772 0.0538279 0.0916298 0.0904635 0.1133181 0.1373860 -0.1366424 -0.1658545 -0.0648326 -0.0536784 -0.1842685 -0.1317000 -0.1378628 -0.0139115 -0.0819609 0.0891712 0.1200610 -0.2026177 0.0189567 -0.1781403 0.1563393 -0.1099537 -0.1486540 -0.1084269 -0.1171787 0.1526882 -0.1204071 0.0941784 -0.0783818 -0.0954419 0.0636346 -0.1148731 0.0467088 0.1018562 0.0997362 0.1449317 0.1511755 -0.0791692 -0.0687518 -0.0065972 -0.0506479 0.0332883 -0.0728961 -0.0243369 -0.0644458
0.8802647 -0.2707742 -0.1026003 -0.6193662 -0.6806558 0.2783816 -0.7212144 -0.5983652 0.2285628 2.1313677 -0.8459798 -0.7400720 0.5009945 -0.8486729 1.5280068 0.4377463 -0.2546698 1.3585545 -0.2030444 -0.3923325 -0.6120765 0.1440882 0.5877258 -0.5293561 0.8948279 0.6044052 -0.2338938 -0.2028850 -0.5069589 1.2788498 -0.7211526 0.9749975 -0.5383039 0.5577637 1.2799354 0.6400610 0.1522024 0.4798695 0.6437990 -0.8739913 -0.8486101 -0.7755904 -0.6471738 -0.8561980 -0.8694890 0.3065292 -0.7710537 0.5215840 -0.5545862 -0.7890579 -0.7935628 0.3378507 -0.8111650 -0.6229160 -0.8123620 0.6186479 0.5915854 -0.5217629 0.4297977 0.3343103 0.7257949 -0.7912478 0.5609222 -0.0529009 -0.6485982 0.1888034 0.7199057 0.3480426 -0.1632268 0.0480731 1.0644671 -0.4851229 -0.5893205 0.2489684 -0.4739674 0.6932693 0.1420768 -0.5231200 0.0746379 -0.7101084 -0.7391140 0.3204628 0.6057957 1.2628210 0.5621490 -0.8671244 0.2467754 -0.5125948 1.4600614 -0.0031865 0.2889926 0.8017402 -0.6954864 -0.4536672 -0.5435194 -0.4846899 -0.8906664 0.5935660 0.5311852 0.2804445 -0.7934964 -0.4922107 0.8254948 0.1639274 0.1501611 -0.6486826 1.3186496 0.7046128 -0.3966148 0.7627894 0.6051499 -0.7550333 1.5498585 0.7309052 0.3076252 0.6159633 1.4719317 0.4537868 0.5421850 0.2774878 0.4070698 0.5593711 -0.2492189 -0.3753611 -0.4895077 -0.7856289 0.2384861 0.4434116 -0.7878245 0.5583793 1.2957304 -0.6943338 -0.5236776 -0.4223675 0.2053243 -0.0614560 0.2269425 0.9038889 0.5101101 0.8337323 -0.6179857 -0.7510915 -0.8409591 -0.5348535 -0.6418353 -0.5699716 -0.7507765 -0.7448688 -0.8191473 0.4467270 0.6776887 -0.5205821 0.8968377 -0.7785462 0.4226818 -0.6218629 -0.6204161 -0.8076813 -0.8653858 0.7229439 -0.5699630 0.3726759 -0.6530030 -0.7591377 0.7100235 -0.8735622 0.1120777 0.4424582 0.4587815 0.4219504 0.6387659 -0.7068750 -0.5939778 0.7780316 0.1098943 -0.7884876 -0.7947602 0.0580401 -0.5008499
-0.5114775 0.1258454 0.0418696 0.3444525 0.4011848 -0.2008054 0.3923221 0.2872675 -0.1199748 -0.8459798 0.9659639 0.4541216 -0.2681438 0.5612110 -0.8217821 -0.1693234 0.1722803 -0.6355643 0.1757874 0.2193623 0.4234001 -0.1303444 -0.2584155 0.4098915 -0.5916857 -0.4120089 0.0615906 0.0450605 0.2818113 -0.6637573 0.4657770 -0.5952085 0.3881996 -0.3431225 -0.6403337 -0.3993184 -0.0637635 -0.2068788 -0.4123248 0.4232116 0.4179760 0.3590238 0.3083411 0.4634167 0.4817350 -0.1267192 0.4084050 -0.2967687 0.3383687 0.3460607 0.4354520 -0.2390020 0.4451609 0.2903327 0.5475265 -0.2271914 -0.3374260 0.3332722 -0.1762305 -0.0977428 -0.3563019 0.5353526 -0.2028403 0.0258200 0.3221086 -0.1221089 -0.4633739 -0.2066450 0.1252468 0.0331227 -0.5703693 0.3127890 0.3837787 -0.1274611 0.2841580 -0.4209118 -0.0771770 0.3374505 -0.0187259 0.4053916 0.4434535 -0.0254398 -0.3505234 -0.6361638 -0.2358948 0.5270656 -0.0811434 0.2539355 -0.7047510 -0.0503909 -0.1778574 -0.5054440 0.3536105 0.2846465 0.3224312 0.3130572 0.6147066 -0.3061791 -0.2574768 -0.2583849 0.4684950 0.2690368 -0.4171944 -0.0821797 -0.1190564 0.4839402 -0.6692969 -0.3918352 0.1114156 -0.4421659 -0.3089851 0.3861192 -0.8101050 -0.3759282 -0.1931444 -0.2706552 -0.7434569 -0.2968815 -0.1844211 -0.2430335 -0.2591901 -0.3794919 0.0933839 0.1783438 0.2278070 0.5048533 -0.1628842 -0.2786628 0.4704990 -0.3440436 -0.7052382 0.3393949 0.3490588 0.1730123 -0.1625855 -0.0230137 -0.0599792 -0.4896811 -0.2872961 -0.4238155 0.3652910 0.4292592 0.4757602 0.2843893 0.3902098 0.3767614 0.4776959 0.5005112 0.5483983 -0.2010540 -0.3798379 0.2835610 -0.5406670 0.4064226 -0.2655222 0.4397288 0.4190111 0.4244971 0.6441627 -0.4362116 0.2665743 -0.2478670 0.3538992 0.4139060 -0.3643475 0.4998270 -0.0511929 -0.2754965 -0.3105642 -0.2499617 -0.3355533 0.4313290 0.3307437 -0.4506968 -0.0768589 0.3691398 0.5173246 -0.1109206 0.2958015
-0.4591122 0.0693981 -0.0484494 0.3790244 0.2466880 -0.1772343 0.2670918 0.4126965 -0.0603549 -0.7400720 0.4541216 0.8111909 -0.3567374 0.4803622 -0.7225763 -0.1797404 0.0478062 -0.5349088 0.1578845 0.1644276 0.3393488 -0.1369803 -0.2908044 0.2977125 -0.4577988 -0.3638674 0.1097802 0.1033429 0.2422128 -0.5610006 0.4717914 -0.5055690 0.2268252 -0.3274021 -0.5558553 -0.2369324 0.0099012 -0.2092040 -0.3648465 0.3905012 0.3717346 0.3466443 0.2635435 0.4183343 0.3897503 -0.1780724 0.3916154 -0.1741312 0.2096327 0.3114804 0.3742386 -0.1161708 0.4445404 0.3638880 0.4796673 -0.3138559 -0.3249928 0.2823335 -0.1985037 -0.1637794 -0.3611304 0.4113982 -0.2511318 -0.0015586 0.4146324 -0.1395847 -0.3127780 -0.1769893 0.1346444 -0.0624736 -0.5195802 0.2320590 0.2559827 -0.0395995 0.1742178 -0.4550161 -0.0179025 0.2865131 -0.1069407 0.3310201 0.4788513 -0.1275284 -0.2465805 -0.5264763 -0.2471556 0.4209243 -0.0992810 0.2869213 -0.5855978 0.0379711 -0.1631429 -0.5197987 0.3297420 0.2871198 0.3088356 0.2413853 0.4477435 -0.3540229 -0.2294030 -0.1408277 0.4613828 0.3352769 -0.3570140 -0.0269406 -0.0883382 0.3554672 -0.5971314 -0.2730833 0.0646549 -0.3294176 -0.3158738 0.3433688 -0.7383415 -0.2790961 -0.1072178 -0.3149101 -0.6537005 -0.2479876 -0.1506842 -0.0957668 -0.1171808 -0.3091228 0.0658966 0.1262928 0.3544210 0.4319362 -0.1467045 -0.2797645 0.4868866 -0.3414039 -0.5838068 0.3651526 0.1790710 0.2617675 -0.1508710 -0.0347777 -0.0860674 -0.3920130 -0.2600562 -0.3121120 0.2732265 0.3170982 0.3883042 0.2891048 0.2509231 0.2637497 0.3605985 0.4106551 0.4738954 -0.1984203 -0.3941102 0.1435997 -0.5169548 0.3095117 -0.1374502 0.2743794 0.2617936 0.4759939 0.4505382 -0.3645110 0.1978713 -0.1408498 0.2758252 0.3844749 -0.2982996 0.4518348 -0.0554735 -0.2227629 -0.1803257 -0.1395252 -0.3179684 0.4149424 0.3600304 -0.4719118 -0.0698559 0.5154813 0.4270203 -0.0587889 0.2082951
0.3270382 0.2415589 0.4234681 -0.2316343 0.0370978 -0.0240689 -0.1103868 -0.2366438 -0.0869433 0.5009945 -0.2681438 -0.3567374 1.1980327 -0.3462934 0.3888738 -0.1137992 0.3192743 0.0837991 -0.2359412 -0.0396806 -0.3009170 0.2383955 0.2405377 0.0095004 0.5496411 0.4539681 0.3744263 0.3386474 0.0742115 0.0936161 -0.3825134 0.3651963 0.0761769 0.3503927 0.1101841 0.1426584 -0.1549282 0.1838126 0.3157642 -0.3707558 -0.3673316 -0.3261635 -0.0995439 -0.3978354 -0.2899232 0.1103297 -0.3224316 0.1366533 0.1147689 -0.2457707 -0.2239187 -0.0168757 -0.3341991 -0.4363633 -0.3592435 0.3333618 0.3636585 -0.0302194 0.1815121 0.0370786 0.3443366 -0.2508816 0.0036131 0.0426977 -0.3317859 0.1317399 0.1830388 0.0358838 -0.3074458 0.1369567 0.5830709 0.0309616 -0.0100201 -0.1705535 0.1113193 0.4826917 -0.1149322 -0.2463061 0.1158329 -0.2014694 -0.3797142 -0.0583922 -0.0890292 0.1340095 0.1583006 -0.2623249 -0.0642334 -0.3145794 0.1457888 0.1041833 0.0505703 0.5153171 -0.1614990 -0.3618674 -0.3120650 -0.0434111 -0.3151716 0.4050851 0.1788822 -0.0310020 -0.3871535 -0.3804275 0.1794495 -0.1145548 -0.1766304 -0.0381797 0.2523635 0.0146729 0.0116759 0.3461443 0.2031944 -0.2103009 0.4774394 -0.0461426 -0.1522416 0.2318380 0.2877611 0.0705028 0.0731666 -0.0716503 0.0232627 0.2765433 -0.0205391 0.0325147 -0.4096815 -0.3422129 0.0604593 0.1213096 -0.3673146 0.2501299 0.1770801 -0.3386723 0.2344865 -0.3292594 0.0447996 0.0401530 0.0902323 0.2861124 0.1368961 0.0298563 -0.1967152 -0.0034526 -0.2611679 0.0269061 0.0128617 -0.0495587 -0.1283057 -0.2160517 -0.3262688 0.1207276 0.1775001 0.1161659 0.3294956 -0.1046181 0.1101410 -0.0721528 -0.0361939 -0.4509678 -0.3061014 0.1905648 -0.3092841 -0.1865834 -0.1286628 -0.2886003 0.2949425 -0.2874051 0.0053963 0.1267653 0.1240839 0.0216044 0.0429646 -0.2084127 -0.2811347 0.4048952 -0.0109952 -0.4504812 -0.3203420 0.0502834 -0.1127055
-0.4817690 0.1261594 0.0028658 0.3434648 0.3628320 -0.1776113 0.4377166 0.3337493 -0.0649785 -0.8486729 0.5612110 0.4803622 -0.3462934 0.9677451 -0.7690718 -0.0914252 0.1554739 -0.5930774 0.1490377 0.1703843 0.3581895 -0.1383419 -0.2916502 0.3334215 -0.5972139 -0.3989388 0.1276335 0.0303805 0.2630973 -0.5699992 0.4230895 -0.5779771 0.2665772 -0.3673876 -0.6042053 -0.3632712 -0.0214675 -0.2054552 -0.3994884 0.4580397 0.4303243 0.3790683 0.3091393 0.4796278 0.4467712 -0.1340903 0.4494888 -0.2820632 0.2912275 0.3756147 0.4320535 -0.2210955 0.5090268 0.3698430 0.5522356 -0.2635036 -0.3389986 0.3401379 -0.1817491 -0.1047182 -0.4158928 0.4804674 -0.2192838 -0.0036758 0.3750121 -0.1826457 -0.3920954 -0.2287752 0.1061163 -0.0263671 -0.6082844 0.2554570 0.3105270 -0.0713263 0.2193171 -0.4853186 -0.0328237 0.2985828 -0.0772636 0.3528688 0.4535932 -0.0640969 -0.3062983 -0.5808463 -0.2415554 0.5304542 -0.0522435 0.2863636 -0.6978546 -0.0464474 -0.1804358 -0.5460424 0.3129930 0.3028833 0.3260363 0.2526507 0.5710370 -0.3670814 -0.2158447 -0.2399970 0.5250893 0.2898279 -0.4304032 -0.0431114 -0.0928050 0.4202977 -0.6109385 -0.3194165 0.0739780 -0.4492992 -0.2926202 0.3993796 -0.7928944 -0.3455349 -0.1613201 -0.2946994 -0.7418814 -0.2794365 -0.1629267 -0.1180159 -0.2211608 -0.3758052 0.0323491 0.1073615 0.2783068 0.4714538 -0.1939665 -0.2714534 0.4723713 -0.3262768 -0.6335003 0.3734981 0.2416289 0.2037215 -0.1568199 -0.0278376 -0.0886013 -0.4551865 -0.2292313 -0.3947905 0.3276215 0.3457924 0.4638376 0.2746652 0.3518689 0.3132054 0.4220719 0.5108003 0.5141622 -0.2547698 -0.3997593 0.1929082 -0.5162413 0.3686325 -0.2490654 0.3864334 0.3623313 0.5009083 0.5643034 -0.4063446 0.2337619 -0.1363617 0.2920865 0.4263201 -0.4092918 0.5734149 0.0446844 -0.2344044 -0.3194535 -0.2281060 -0.3328547 0.4111025 0.3329328 -0.4101281 -0.0701332 0.4864937 0.4718790 -0.1348103 0.2032451
0.9151939 -0.2882178 -0.1839461 -0.5946420 -0.6522433 0.3459856 -0.7368688 -0.6102509 0.2550563 1.5280068 -0.8217821 -0.7225763 0.3888738 -0.7690718 2.2638893 0.4576355 -0.3425707 1.4858074 -0.2499203 -0.4607114 -0.6502062 0.1100546 0.6711793 -0.6705471 0.7896582 0.6080878 -0.2962619 -0.3212769 -0.6297995 1.2388450 -0.6785097 1.0241013 -0.6758063 0.5228450 1.3219048 0.5554857 0.1657754 0.3532394 0.6397801 -0.9043943 -0.8934654 -0.8039581 -0.7203266 -0.8743847 -0.8680284 0.3089415 -0.8046264 0.6724456 -0.6301486 -0.7453939 -0.8201701 0.3976512 -0.7382918 -0.5793002 -0.7764333 0.4895905 0.6858325 -0.6446146 0.4354711 0.4154898 0.6475994 -0.8129880 0.5714651 -0.0416825 -0.6497151 0.2849672 0.7277905 0.3929764 -0.0949282 0.1081242 0.9606908 -0.5672922 -0.6543939 0.2803691 -0.5887049 0.6928596 0.1310371 -0.4942410 0.0447565 -0.7100487 -0.7338645 0.2564514 0.6413654 1.3501799 0.5703986 -0.8021755 0.2883320 -0.4964852 1.5929635 -0.1775725 0.2603673 0.6939878 -0.7171046 -0.3693593 -0.4765544 -0.5833970 -0.8929774 0.4970858 0.4537908 0.4070348 -0.7501129 -0.4417359 0.7776269 0.2116714 0.1943024 -0.6792946 1.3144877 0.7084674 -0.4094759 0.6874695 0.6764767 -0.7567599 1.6139786 0.7441498 0.3446260 0.4786770 1.3920639 0.5007144 0.4781042 0.3031864 0.3203504 0.5689156 -0.2578560 -0.4143605 -0.4572250 -0.7387932 0.1862985 0.5305417 -0.7415443 0.5513431 1.4720353 -0.6491503 -0.6078941 -0.3746262 0.2144865 -0.0697883 0.1794473 0.7475056 0.5132306 0.9020954 -0.5634295 -0.7536510 -0.7989803 -0.5542124 -0.6544268 -0.6626313 -0.7766542 -0.7406805 -0.8004459 0.4189452 0.6412278 -0.6189184 0.9837455 -0.7993287 0.4083106 -0.6337150 -0.6144831 -0.7636616 -0.7626736 0.8673785 -0.5371982 0.4977299 -0.6906291 -0.7853044 0.6040516 -0.7935657 0.1590420 0.4946501 0.4981526 0.4802136 0.5823258 -0.7252480 -0.5170755 0.7063993 0.1017835 -0.7612813 -0.7774747 0.0430749 -0.5464469
0.0814536 -0.2932520 -0.4661883 -0.2658364 -0.3066943 0.2223108 -0.2740422 -0.2421701 0.1126647 0.4377463 -0.1693234 -0.1797404 -0.1137992 -0.0914252 0.4576355 1.1538688 -0.4392996 0.6414371 0.0960962 -0.2362978 -0.0626370 -0.2254369 0.2032719 -0.2634529 -0.0759952 -0.0558963 -0.4919452 -0.5036225 -0.3875299 0.6874880 -0.1635052 0.1800742 -0.4248440 0.0072630 0.6400324 0.1848398 0.2264574 0.1547796 0.0517557 -0.2680187 -0.2909783 -0.3296568 -0.3959930 -0.2420581 -0.2391798 0.2165179 -0.2680047 0.1126381 -0.4175080 -0.3164611 -0.2146070 0.1678254 -0.2137993 -0.0114960 -0.1359526 0.1583456 -0.0322972 -0.3041894 0.0086354 0.2645465 0.0492997 -0.2052007 0.3816267 0.0184567 -0.2400746 0.0998767 0.1778469 0.2364639 0.1791649 -0.0739873 -0.0168568 -0.3425001 -0.4068362 0.2449661 -0.4485907 -0.0621717 0.0898143 -0.0540202 -0.0258804 -0.2029221 -0.1397154 0.3593080 0.4122663 0.6538391 0.3479527 -0.1270717 0.1499240 -0.0296127 0.5533007 -0.2536750 0.1559080 0.1407854 -0.3153945 0.0243201 0.0112120 -0.3421564 -0.1809933 0.0926189 0.2156291 0.1183203 -0.1440501 -0.0187430 0.2210886 0.2318958 0.1401027 -0.3431053 0.5886776 0.4275165 -0.2790162 -0.0013342 0.2263979 -0.2797303 0.2948409 0.3358966 0.3019606 0.1440594 0.5266652 0.3573545 0.2758186 0.2247098 0.1593615 -0.0425908 -0.1628510 -0.2869663 -0.0462995 -0.0545963 0.1177653 0.0689600 -0.1264175 0.1182033 0.6206221 -0.2083117 -0.4447733 0.0454539 0.2006481 -0.0095629 0.0547298 0.3022007 0.1829644 0.4421818 -0.0803427 -0.2722451 -0.2001688 -0.3541473 -0.3315488 -0.3519337 -0.1529502 -0.1259847 -0.1467112 0.2487300 0.1090276 -0.4550152 0.2072448 -0.3153309 0.0962638 -0.3372903 -0.2237578 -0.2446030 -0.0397061 0.3126994 -0.0642312 0.3780999 -0.4011559 -0.2615593 0.0706324 -0.1537960 0.1218120 0.2526760 0.0321085 0.2887647 0.3709615 -0.2099720 -0.0960154 0.2509848 0.1100927 -0.1430812 -0.1893017 -0.0545391 -0.0987228
-0.0202495 0.6036785 1.0417689 0.3070677 0.4937432 -0.4261280 0.3849736 0.1876883 -0.1718286 -0.2546698 0.1722803 0.0478062 0.3192743 0.1554739 -0.3425707 -0.4392996 1.8603270 -0.9272372 -0.3133217 0.4267553 0.0555754 0.3316821 0.1550157 0.7852095 0.4125392 0.4984394 1.0329446 1.0251009 0.5312528 -0.8786706 -0.0585738 0.0388304 0.7080351 0.1513820 -0.9053430 -0.3508090 -0.4261558 0.0693987 0.3535110 0.0749158 0.0893121 0.2088905 0.5215204 0.0379264 0.0949554 0.3186149 0.2324917 -0.0588322 0.6206471 0.2318130 0.1138519 -0.3660764 0.1496801 -0.1862710 0.1501733 0.2106249 0.1851701 0.5603414 0.2236720 -0.1456813 0.2206170 0.1476436 -0.4137582 -0.1952155 0.1322784 -0.2617679 -0.1627917 -0.5097196 -0.2907856 0.0220963 0.4391516 0.5990323 0.6427016 -0.4845067 0.7339465 0.4288630 -0.1864785 -0.0745697 -0.1095288 0.2283855 0.0424461 -0.3132983 -0.6922310 -0.9614816 -0.5144436 0.1826313 -0.3540730 -0.1603674 -0.8279927 0.4925916 -0.3211098 0.0250358 0.2132906 -0.1705655 -0.0622025 0.6141568 0.1481425 -0.1057764 -0.4018117 -0.4031157 -0.0022145 -0.1697338 -0.2587698 -0.4586994 -0.4609476 0.5901511 -0.6320100 -0.6691387 0.3642105 0.2237341 0.0594790 0.2455378 -0.1151934 -0.5474719 -0.5304872 0.2084160 -0.7913034 -0.5765370 -0.4261107 -0.3065230 -0.4017754 0.1732220 0.2756668 0.4180902 -0.2210446 0.1385062 -0.4055288 -0.2799441 0.0284070 -0.0087635 -0.8497878 0.1274942 0.6948230 -0.2501225 -0.4904152 -0.0857510 -0.1725126 -0.0130271 -0.4045196 -0.6281273 -0.0829264 0.1805484 0.0094900 0.6900740 0.5518624 0.5199670 0.1898582 0.2396628 0.2144269 -0.5098059 -0.1716070 0.7170778 -0.0558116 0.2176072 -0.1097429 0.6417093 0.7257286 0.0629638 0.2436506 -0.4627895 -0.2222829 -0.5218591 0.4716566 0.2400273 0.1135863 0.0909520 -0.2633176 -0.3559978 -0.0011838 -0.5571217 -0.6160384 0.0437279 -0.0024180 0.0300265 -0.3451644 -0.0938517 0.0524912 0.1020368 -0.1859169
0.6370952 -0.5286459 -0.7219766 -0.6224564 -0.7689385 0.4768998 -0.7255106 -0.5741557 0.2566517 1.3585545 -0.6355643 -0.5349088 0.0837991 -0.5930774 1.4858074 0.6414371 -0.9272372 1.9978315 0.0044128 -0.5384678 -0.4127366 -0.1302421 0.4376705 -0.8241627 0.3559930 0.1461948 -0.8446829 -0.8476057 -0.7530469 1.3984088 -0.4670462 0.7050678 -0.8431931 0.2512996 1.4705160 0.5700181 0.3517286 0.2900859 0.2576567 -0.6652413 -0.6548975 -0.6901085 -0.8040126 -0.6208271 -0.6454121 0.1347387 -0.6829672 0.4887543 -0.7922068 -0.7105584 -0.6344115 0.4343165 -0.6558198 -0.3479356 -0.5817621 0.3446955 0.4017307 -0.7653940 0.2198723 0.3979626 0.3590445 -0.6071254 0.6284721 0.0915175 -0.6133072 0.3570953 0.6507152 0.5732123 0.0664436 0.0175448 0.4311854 -0.7122422 -0.8422979 0.4668855 -0.8361771 0.2659755 0.2337284 -0.3137324 0.0414671 -0.6227849 -0.5242724 0.4161714 0.8850121 1.5759990 0.7505308 -0.6282796 0.4477955 -0.2799502 1.6906612 -0.3990707 0.3928953 0.4733149 -0.6479683 -0.1663124 -0.2962661 -0.7499489 -0.6591887 0.3721119 0.5987107 0.4578854 -0.5607371 -0.2429389 0.6756818 0.4531786 0.4133701 -0.7879021 1.3104163 0.8936953 -0.5478070 0.3805913 0.4625354 -0.6776678 1.2635862 0.8281490 0.5643997 0.3186933 1.4477299 0.6058147 0.5731089 0.3800800 0.3728424 0.2449676 -0.3801987 -0.5342013 -0.2460020 -0.5825408 0.3047771 0.5139132 -0.5451323 0.4068429 1.5546938 -0.5465160 -0.8557528 -0.1696860 0.4663512 -0.0346620 0.2261118 0.6124722 0.5727969 1.0107310 -0.3729263 -0.6737195 -0.6001498 -0.7826228 -0.7505141 -0.7263835 -0.6516848 -0.6695703 -0.6353132 0.5907035 0.6042957 -0.8566452 0.7247074 -0.7150622 0.3047634 -0.8030709 -0.7593821 -0.5668863 -0.6270242 0.8453403 -0.2944184 0.6622642 -0.7683415 -0.6621317 0.3677525 -0.6228429 0.2299085 0.5570607 0.3590527 0.5664299 0.7972798 -0.5883403 -0.4112242 0.4775344 0.2541275 -0.5370671 -0.5508662 -0.0363397 -0.3202223
-0.1844239 -0.1735731 -0.3035857 0.0030779 -0.0514955 0.0205886 0.0316951 0.0245361 -0.0416549 -0.2030444 0.1757874 0.1578845 -0.2359412 0.1490377 -0.2499203 0.0960962 -0.3133217 0.0044128 0.9693600 0.0286743 0.2965246 -0.2262058 -0.1084236 -0.0378506 -0.2885442 -0.2198976 -0.2599058 -0.2312380 -0.0933714 -0.0179275 0.1905343 -0.1669895 -0.1053317 -0.2153057 -0.0342954 -0.0031055 0.0638103 -0.0864551 -0.1799723 0.0763590 0.0621379 0.0085495 -0.0746585 0.1202913 0.0402703 -0.0514703 0.0394142 -0.1658257 -0.1207088 0.0109870 0.0454561 0.0025025 0.1503161 0.2120278 0.1479426 -0.1628362 -0.2106923 -0.0597401 -0.1291753 -0.0464307 -0.1175831 0.1299330 0.1036451 -0.0927712 0.0472374 -0.0614887 -0.2072850 0.0285295 0.3463010 -0.1185264 -0.2707150 0.0310875 -0.0779736 0.0476848 -0.1856069 -0.2924631 -0.0096149 0.2889747 -0.1880790 0.1022771 0.1623959 0.0760898 0.1297155 -0.0017706 -0.0082090 0.1278043 -0.0225893 0.1896018 -0.0325675 -0.0097518 -0.0248910 -0.2714920 0.0151150 0.3609625 0.2192630 -0.1070268 0.1916716 -0.1333919 -0.0162182 -0.0336950 0.2117808 0.2949062 -0.0821975 0.1484678 0.0186835 -0.0210044 -0.1500094 0.1185730 0.0579470 -0.2403537 -0.0848734 -0.0128569 -0.2802219 0.1020662 0.1633919 -0.1118484 -0.0588360 0.1255459 0.1192527 0.0003913 0.0386839 -0.2259167 0.0402063 -0.0147378 0.1949524 0.1298310 -0.0051957 -0.1125324 0.1461329 -0.1741634 -0.0775808 0.1085943 -0.0777666 0.2215018 0.0761284 -0.1114762 -0.0392093 0.0147980 -0.0396396 0.1043361 0.2188764 0.0064332 0.1346233 -0.0631604 -0.0771682 -0.0092943 0.1327931 0.1552738 0.1181295 0.0246914 -0.1516663 -0.1504675 -0.1028825 -0.0067051 -0.1089452 -0.0194300 -0.0495651 0.1421757 0.1990625 -0.0466117 0.2460743 0.1460364 -0.0268381 0.0180667 -0.1843628 0.1037937 0.0084757 -0.0752463 -0.1329292 0.0820854 0.0853646 0.2106753 0.2746410 -0.2399140 0.0727205 0.1303896 0.1025442 0.1236789 0.2446460
-0.2178806 0.1921704 0.2375220 0.2682139 0.3037445 -0.1778851 0.3427428 0.1638177 -0.0879266 -0.3923325 0.2193623 0.1644276 -0.0396806 0.1703843 -0.4607114 -0.2362978 0.4267553 -0.5384678 0.0286743 0.8549358 0.1524543 0.1430852 -0.1479484 0.2588516 -0.1222395 0.0020613 0.2365999 0.2710359 0.2885206 -0.5294070 0.1196536 -0.1839856 0.4047031 0.0132416 -0.5491737 -0.2418000 -0.1787447 -0.1134910 0.0092910 0.2037642 0.1665254 0.2015888 0.2367003 0.1554137 0.1883521 0.0505668 0.2365726 -0.2041685 0.3561087 0.1345222 0.2548293 -0.1765331 0.1682215 0.0967084 0.2076626 -0.1088310 -0.1044526 0.2164413 -0.0402933 -0.1849618 -0.1492211 0.2577940 -0.2433003 -0.0886282 0.1859763 -0.1054525 -0.2616533 -0.2267468 0.0298421 0.0319998 -0.1007782 0.3445727 0.3956545 -0.2038411 0.4375192 0.0189250 -0.0815211 0.1390869 -0.0796388 0.2494806 0.1836026 -0.2348325 -0.3064705 -0.5556448 -0.2383081 0.1801235 -0.2360879 0.1262163 -0.5378386 0.1697025 -0.1140392 -0.1572111 0.2644252 0.1088053 0.1278696 0.2701339 0.2121560 -0.1646273 -0.2616641 -0.2087303 0.1364287 0.0876917 -0.2632592 -0.1505940 -0.2705195 0.2448448 -0.4599661 -0.3206943 0.2718163 -0.1280116 -0.1659848 0.2423552 -0.3848501 -0.3100282 -0.1816481 -0.0939235 -0.5417868 -0.2214507 -0.2693000 -0.1658777 -0.2476944 -0.0944084 0.2511114 0.3482946 0.0640193 0.1569335 -0.1386836 -0.1518805 0.1600217 -0.1509241 -0.5511410 0.2109172 0.2977384 0.0698317 -0.1726187 -0.0013688 -0.1578816 -0.1879207 -0.1847314 -0.3297049 0.1981558 0.2413737 0.2345099 0.2868626 0.2838026 0.3867946 0.2118536 0.1251578 0.1989676 -0.2375119 -0.1603143 0.3574587 -0.2042909 0.3009914 -0.1481596 0.3299013 0.2427934 0.1138243 0.1490161 -0.3076220 0.0929438 -0.2235613 0.3739781 0.2137168 -0.1719761 0.2070950 -0.1863511 -0.2088467 -0.1432765 -0.3046135 -0.2926985 0.1726238 0.1694498 -0.1188630 -0.0324551 0.0866148 0.2309939 0.1670050 0.1928818
-0.4177219 -0.0717034 -0.2031510 0.2417964 0.1550587 -0.1538171 0.2555098 0.2112938 -0.0546163 -0.6120765 0.4234001 0.3393488 -0.3009170 0.3581895 -0.6502062 -0.0626370 0.0555754 -0.4127366 0.2965246 0.1524543 1.0371931 -0.1081631 -0.1684404 0.3139540 -0.5332476 -0.4401234 -0.1267873 -0.0972991 0.1066515 -0.4519308 0.3816394 -0.4760265 0.1670552 -0.2844717 -0.4578213 -0.1961595 -0.0219425 -0.2088941 -0.3559842 0.3140683 0.2659155 0.2099203 0.0819587 0.2951377 0.2643012 -0.0943902 0.2436991 -0.2234230 0.1378126 0.1612395 0.3153346 -0.1335824 0.3665265 0.3010651 0.3566206 -0.1683880 -0.2999282 0.1844407 -0.2482029 -0.0546827 -0.1932908 0.3624332 -0.1773259 -0.0620332 0.2232678 -0.1244702 -0.3650699 -0.1459989 0.1756596 -0.0556276 -0.5379238 0.2338756 0.2295290 -0.0718988 0.1467122 -0.4266228 -0.0800741 0.2708344 -0.1121539 0.3510868 0.4030827 0.1079853 -0.2060094 -0.3903949 -0.2477080 0.4834241 -0.1099367 0.2573178 -0.4660300 0.0121264 -0.0860196 -0.4569817 0.2641681 0.3858772 0.2484507 0.1766104 0.4136797 -0.3195859 -0.1081038 -0.1602826 0.3236316 0.2805065 -0.3146532 -0.0640437 -0.0955713 0.2740837 -0.5709895 -0.1622690 0.0532145 -0.3513036 -0.2746645 0.2264818 -0.6738116 -0.1711274 0.0053368 -0.2803393 -0.5189405 -0.1368411 -0.0604159 -0.1494201 -0.0859128 -0.3414310 0.0715687 0.1020500 0.2226284 0.4902976 -0.0980397 -0.2148982 0.3608986 -0.2698549 -0.4642025 0.2707470 0.1529840 0.2082184 -0.1171068 0.0141799 0.0008402 -0.2042738 -0.1746741 -0.2042307 0.2680987 0.2646545 0.3652542 0.1596850 0.2573549 0.1848449 0.3921279 0.5060739 0.4291104 -0.0915733 -0.3048865 0.1102127 -0.4072376 0.2914898 -0.1885322 0.3704132 0.2626031 0.3103378 0.5809922 -0.3495750 0.2226089 -0.0903529 0.1926890 0.2441943 -0.3164399 0.3279122 -0.0460896 -0.1638767 -0.2184475 -0.1407098 -0.1878526 0.4280585 0.2776478 -0.4349756 -0.0350367 0.3175729 0.3367903 0.0515637 0.3176422
