0.9133088 0.3509252 0.2964382 -0.0197677 -0.0218622 -0.0597423 -0.0368575 -0.0138375 -0.0959551 -0.0382071 -0.0165734 -0.0019187 -0.0395544 -0.0034802 0.0457761 -0.0253848 -0.0152196 0.0256967 0.0451085 -0.0733857 -0.0605751 0.0388143 0.0142813 -0.0660980 0.0350023 0.0366865 -0.0452214 -0.0737076 -0.0486915 0.0547475 0.0778560 0.0419345 -0.0632448 0.0618984 0.0347108 -0.0304864 0.0246771 -0.0364139 0.0196853 -0.0336760 -0.0302763 -0.0410416 -0.0318421 -0.0713013 0.0303163 -0.0730956 -0.0146965 -0.0028350 -0.0567710 -0.0328406 -0.0216877 -0.0483108 -0.0198661 0.0256749 0.0255505 0.0074505 0.0123519 -0.0275870 -0.0139326 0.0203858 -0.0504253 -0.0069486 0.0080875 -0.0297240 -0.0521541 -0.0243765 -0.0049111 0.0158956 -0.0012754 -0.0459046 0.0055344 -0.0353600 -0.0753568 -0.0369551 -0.0423744 -0.0251645 0.0066226 -0.0550044 0.0054150 -0.0640773 -0.0232283 -0.0070981 -0.0756729 -0.0435010 -0.0118667 0.0293216 -0.0082127 -0.0305621 -0.0239332 -0.0320551 0.0413244 -0.0599398 -0.0234762 0.0186661 0.0211386 -0.0668838 -0.0334229 -0.0393808 -0.0403757 -0.0790274 -0.0666784 -0.0300657 0.0004052 -0.0194244 0.1052162 0.0070109 0.0016311 -0.0370840 0.0089106 0.0673994 -0.0093770 -0.0678784 0.0175656 0.1574776 0.0369398 0.0102250 -0.0284641 -0.0252505 -0.0235457 0.0431854 -0.1066170 0.0142907 -0.0520130 0.0852716 0.0876852 0.0129753 -0.0318741 -0.0637340 0.0127778 0.0041276 -0.0010017 -0.0277353 -0.0101561 -0.0140699 0.0242301 0.0581091 0.0741042 0.0002446 0.0466212 0.0128782 -0.0101953 0.0645049 -0.0161867 -0.0619228 -0.0614138 -0.0000328 0.0117252 0.0314364 -0.0052227 0.0826684 -0.0112725 -0.0709565 0.0023580 0.0456846 -0.0883693 -0.0132725 -0.0043406 0.0105418 0.0692246 0.0263346 -0.0221733 -0.0128669 0.0210822 -0.0104074 -0.0717215 0.1081290 -0.0120365 0.0899033 -0.0406489 0.0204752 0.0685532 -0.1172996 -0.0212702 -0.0092043 0.0087451 -0.0305761 -0.0335376 0.0383182 -0.0231748
0.3509252 0.9844812 0.6677043 0.0032173 0.0193914 -0.2600899 -0.0856946 0.0891536 -0.0576514 -0.1214412 0.1268581 0.0529921 -0.0684854 -0.0258546 0.0079835 -0.0223295 0.0223822 0.0236004 -0.0005077 -0.0428396 -0.1269607 0.1451653 0.0407109 0.0212181 0.1277661 0.0567959 -0.0058660 0.0290870 0.1210177 0.0117991 0.1239485 0.0137299 -0.0210248 0.1021308 -0.0010151 -0.0327787 -0.0588096 0.0405323 -0.0297939 -0.2492871 -0.2498981 -0.2461940 -0.1867491 -0.2825626 -0.1078251 0.0235602 -0.0886828 0.0083839 -0.1277939 -0.1560304 -0.0100520 -0.0522735 0.0823454 0.0199602 0.0571352 0.0937107 -0.0620595 0.0464108 0.0231706 0.0580198 0.0292090 0.0178383 0.1509747 -0.0227428 -0.0435084 0.0410909 0.0167770 -0.0651830 -0.1070176 0.0039801 -0.0762542 0.0598298 0.0120537 -0.0153973 0.0873118 -0.0006111 -0.0795495 -0.1775083 0.0993936 -0.0926654 -0.0163526 -0.0911377 -0.0521954 -0.0969353 -0.1332353 0.1253865 -0.0545403 -0.0398896 -0.0108825 -0.0662760 -0.0287192 -0.0567950 0.0056018 0.0535449 0.0343755 -0.0990818 -0.1301919 0.0182184 -0.0480436 0.0711870 -0.0428902 -0.0934275 0.0389362 -0.0563118 0.0043451 0.0341628 -0.0291987 -0.0270907 -0.1314355 -0.0619962 0.0221834 -0.1317572 0.0595968 -0.0012542 -0.0290471 -0.0155331 0.0413435 -0.0281947 -0.0414352 -0.0769336 0.0199358 0.0077849 -0.0208830 0.0214105 0.1907240 0.0485447 -0.0126861 0.0638857 -0.0312965 -0.0306341 0.0902297 -0.1750246 0.0617950 0.0291943 0.0756892 -0.0016770 0.1690264 -0.0931293 0.0672621 0.1052350 0.0044123 0.1201491 0.0865211 -0.0338600 -0.0364068 0.0549323 -0.0269984 -0.1012937 -0.0482195 0.0302157 -0.0096998 -0.1380283 -0.0811127 0.1726051 0.0275832 0.0159271 0.0732180 -0.1209989 0.0651844 0.0002131 -0.1058466 -0.0313703 0.0598053 -0.1505197 -0.0102506 0.0725707 -0.0197850 0.0586209 0.0081422 0.0420094 0.0097777 -0.1189058 0.0217649 -0.0523777 -0.0609434 0.0802203 -0.0837496 -0.0577478 0.0003704
0.2964382 0.6677043 1.4372102 -0.0355091 0.0033670 -0.3775316 -0.1688655 0.1109803 -0.0690907 -0.0830968 0.2673190 0.0002660 -0.0265106 -0.1189392 0.0012126 0.0564625 0.1067373 0.0175837 -0.0757651 -0.1237692 -0.1690049 0.3060446 0.0801098 0.0911857 0.1205089 0.0883361 0.0306096 -0.0994712 0.2309124 0.0625668 0.1550377 0.0863374 -0.0075849 0.1851370 -0.0084648 0.0370063 -0.0345063 0.1104432 -0.0048345 -0.4577969 -0.4114317 -0.4506459 -0.3659743 -0.4803738 -0.2733098 0.0406258 -0.2412887 0.1094968 -0.1696367 -0.3269689 -0.0078033 -0.0828445 0.0933747 -0.0473901 0.0501358 0.1777245 -0.0556201 0.0355105 0.1124757 0.0156632 0.1865246 0.0775722 0.3699263 -0.0841250 -0.1532519 0.1021602 -0.0260754 -0.0636374 -0.1346944 0.0582366 -0.0943692 0.1766388 -0.1148159 0.0282589 0.1128270 -0.0015731 -0.1603481 -0.2182357 0.1141226 -0.1196001 -0.0918477 -0.1031798 -0.0481752 -0.0555499 -0.1853712 0.0993488 -0.1009980 -0.0019278 0.0451360 -0.0959616 -0.0893017 -0.0559820 0.0125801 0.0026545 0.0033926 -0.0693479 -0.2315378 0.0481053 -0.0782110 0.2497335 -0.0578827 -0.1292623 0.1338725 -0.0802707 -0.0666414 0.0448130 -0.0601192 -0.0193025 -0.2278700 -0.1445944 0.1023452 -0.2750787 0.1705691 -0.0686495 -0.1041352 -0.0050213 0.1478205 0.0019718 -0.0239304 -0.0928646 0.1312742 -0.0610627 -0.0286865 -0.0381068 0.2801240 -0.0166941 0.1577823 0.2285356 -0.1279981 0.0811663 0.1526225 -0.3268558 0.2476779 0.1564832 0.1317324 -0.0309186 0.2900553 -0.0195325 0.1723423 0.3259911 -0.0454240 0.1753429 0.1048457 -0.1598760 -0.0321449 0.0645034 -0.0823357 -0.2005199 -0.2001614 -0.0082983 0.0947025 -0.2321736 -0.0820058 0.3613154 0.0237773 -0.0737059 0.0036298 -0.2710699 -0.0137661 0.0856967 -0.1692521 -0.0119729 0.0130994 -0.3077051 0.0234178 0.0612898 -0.0457509 0.1712873 0.0641017 0.0846816 0.0036787 -0.1911971 -0.0029043 -0.0133110 -0.1004501 0.1860874 -0.1840242 -0.0381497 0.0255645
-0.0197677 0.0032173 -0.0355091 1.2222664 0.0164501 -0.1631214 0.0523114 0.4050170 0.2073937 -0.1414527 0.1003400 0.3466186 -0.0161541 0.1008549 -0.1072579 -0.1197191 -0.0716661 -0.0871205 -0.0840218 -0.0691349 -0.0887805 0.0432469 -0.1159129 0.0215712 0.1284846 -0.0627030 0.2301550 0.4343383 0.1597434 -0.1378430 0.1158519 -0.1021052 0.0806105 -0.1702839 -0.0371065 0.0144580 -0.0085706 -0.0387221 -0.1722599 -0.1541459 -0.1699663 -0.1778236 -0.1450215 -0.1919686 0.0514503 -0.1281463 -0.1302385 0.1567531 -0.0599226 0.0085466 -0.0971168 0.1376089 0.2898711 0.2586503 -0.1504300 -0.0757624 -0.1151555 0.3082590 -0.1338757 0.0336218 -0.1830133 0.0752603 -0.1223532 0.2778259 0.2379523 -0.0700738 0.1828246 -0.0327987 -0.0752111 -0.1076037 -0.0084026 -0.1790997 0.0819995 0.2341208 0.0540697 -0.0135281 -0.1382023 -0.0847746 -0.0857422 -0.1120111 0.3663223 -0.0978307 -0.0066800 -0.1829098 -0.0619572 -0.1166362 0.0305663 0.0672477 -0.1830725 0.0865025 0.0427993 -0.1926781 0.1256390 0.0921875 0.1509723 0.4409506 0.0995774 0.0435564 0.0437265 -0.0565814 0.2092598 0.0180120 -0.0698442 -0.0847100 -0.1487900 0.1424582 0.0990646 -0.0865023 -0.0947192 -0.0570437 -0.1273131 -0.1086906 -0.0908737 -0.0947095 -0.0114379 -0.0371745 0.0553153 -0.1824930 0.0092529 0.0644905 0.0418562 0.2032180 -0.0623962 -0.0968847 0.0804002 0.1942101 -0.2710290 -0.1604307 0.2608203 -0.1127341 -0.1652851 -0.1429560 0.0509043 -0.0345978 -0.0981709 -0.0089506 -0.1117528 -0.1913202 -0.1072795 0.0521724 0.0564717 -0.0934294 0.1895742 0.1827561 -0.0944842 -0.1407521 -0.0885354 0.1430619 -0.0137159 -0.0710977 -0.0475872 -0.1284724 -0.1988063 0.0192313 0.1761850 -0.0071788 0.2225372 -0.0317214 0.0662071 -0.2002584 -0.0668010 -0.0053953 0.1054624 -0.0985885 0.0599104 0.1385500 0.0897072 -0.1315657 -0.0196714 0.0163919 0.0006625 -0.0196068 0.1291641 -0.0116318 -0.1615718 0.3563511 0.2109338 -0.1510804 -0.1007454
-0.0218622 0.0193914 0.0033670 0.0164501 0.9639453 -0.0941362 0.0232894 -0.1493126 0.0349331 -0.0159138 0.0317603 0.0083113 0.0814958 0.0035630 0.0194875 0.0008678 0.0423670 0.0061790 0.0190734 -0.0281975 -0.0470946 -0.0205441 -0.0091145 -0.0133762 0.0715673 0.0468512 0.0065925 -0.0059077 -0.0449158 -0.0296091 -0.0888569 0.0319229 0.1578531 -0.0145752 -0.0147647 -0.0152548 -0.1636480 0.0015051 0.0069719 -0.0857287 -0.1314147 -0.0545538 -0.1072230 -0.1085528 -0.0593674 0.1533471 0.0466481 0.0002058 0.0457378 -0.0893260 -0.0009888 -0.0392534 0.0188103 -0.0897449 0.0247149 0.1633459 0.0039361 -0.0093222 0.0369450 0.0207049 0.0132862 0.0370047 -0.0314797 -0.0616941 -0.1167823 0.0694948 -0.0532167 0.0210363 0.0141784 0.1827002 -0.1053220 -0.1015368 0.0186737 0.0054670 0.1572257 0.1087574 -0.0340687 0.0153543 0.1090489 -0.0502542 0.0340331 -0.0441833 0.0231699 0.0308912 -0.0661299 0.0192787 0.0157888 0.0343943 0.0065513 0.0338359 -0.0215819 0.1406253 0.0350590 -0.0576496 -0.0393694 -0.0851238 -0.0316178 -0.0402341 -0.0187177 0.0557919 -0.0355878 0.0191717 -0.0486707 0.0841282 -0.0312616 0.0044436 0.0222273 -0.0623221 -0.0736422 -0.1260209 -0.1157800 0.1051039 -0.0062191 -0.1007859 0.0377576 0.0570004 -0.0303834 -0.0652745 -0.0783826 -0.0404664 -0.0207956 -0.0019048 0.0325873 0.0893591 -0.0068614 0.0989735 -0.0489009 0.0690547 -0.0357479 0.0392730 -0.0029054 -0.0250697 -0.0213176 -0.0984820 0.0549689 -0.0317293 -0.1001057 -0.0568325 0.0396786 -0.0458631 0.0146247 -0.0284304 0.0361377 0.0662558 0.1437559 0.0420083 -0.0789765 -0.1218124 0.0186639 -0.0041831 -0.1002254 0.1135992 -0.0468532 0.0596821 -0.0669218 -0.0087093 0.1060815 -0.0758214 0.0142488 -0.0344994 -0.0527398 -0.1273498 0.0334965 -0.0196665 -0.0392548 0.0293226 0.0043056 -0.0623387 -0.0470988 0.0013033 0.0387019 0.0832466 0.0155559 0.1036593 -0.0010841 -0.0323666 0.0311936 -0.0440538 0.0489399
-0.0597423 -0.2600899 -0.3775316 -0.1631214 -0.0941362 1.4661630 0.1114053 -0.3068723 -0.0044910 0.0849742 -0.2797872 -0.1413450 -0.0825176 0.0588430 0.0702607 -0.0490375 -0.0275840 -0.1512264 -0.0277518 0.0728628 0.0235794 -0.2061431 -0.0184814 -0.0963778 -0.0756834 0.0111994 -0.1390813 -0.2183765 -0.3132290 -0.1270446 -0.0298463 0.0506141 -0.1001732 -0.0712437 -0.0089339 -0.2297425 0.1627253 0.0118416 0.0176861 1.1266133 0.9478753 1.0377419 1.0415430 1.1916367 0.4295039 -0.1299765 0.4266758 -0.2200812 0.2121284 0.6571591 0.0836027 -0.0075308 -0.2939412 -0.1136758 -0.0112810 -0.1408276 0.1549902 -0.1685462 -0.1421212 -0.1353223 -0.1563024 -0.1066117 -0.3555818 -0.0336251 -0.0114166 -0.1579776 -0.1060270 0.0239811 -0.0076937 -0.1632115 0.0384948 -0.1619421 -0.0360555 -0.1034058 -0.2536730 -0.0967718 0.2314296 0.1157755 -0.1467919 0.2639332 -0.0922421 0.0351400 -0.0170866 0.0603164 0.0498429 -0.1007094 0.0333913 -0.1803953 0.0194152 0.0567673 0.0198550 0.1008813 -0.2029689 -0.0490791 -0.1550027 0.0449956 0.3288109 0.0220991 -0.0098297 -0.3250291 -0.1363097 0.0360069 -0.1372468 -0.0362096 0.3956821 -0.1419420 -0.1056475 -0.1610215 0.5942121 0.2191035 -0.0682666 0.7177705 -0.1099177 0.1121779 0.0327935 0.0009726 -0.1944119 0.2341048 0.0469775 0.1833078 -0.2504160 -0.0775438 -0.1717920 0.0975784 -0.2631009 -0.1856205 -0.1932936 -0.2468618 0.0221515 -0.1206380 -0.1602561 0.6309396 -0.1916895 -0.2807375 -0.1193839 0.0399723 -0.0579942 0.0501645 -0.2293400 -0.2200997 0.0378053 -0.1868391 -0.1396453 -0.0518924 -0.1049117 -0.0755280 0.1629242 0.0151597 0.1976881 -0.0205775 -0.1167801 0.5118481 0.0509207 -0.2465668 -0.1560407 -0.0322024 -0.0887978 0.6208754 -0.0835554 0.1478026 0.3840519 -0.1210694 -0.0434602 0.6636267 -0.0226588 -0.0999270 -0.1114000 -0.1038783 -0.1756727 -0.3010290 -0.1230686 -0.0075512 -0.1805273 -0.0807755 0.0836127 -0.3334015 0.0150562 0.0860170 -0.0739874
-0.0368575 -0.0856946 -0.1688655 0.0523114 0.0232894 0.1114053 1.1176097 0.0560175 -0.0407903 -0.0329043 -0.2024753 0.2019140 -0.1011943 0.3518957 -0.1339540 -0.0909598 -0.1238329 -0.0411743 0.0717558 0.1762116 -0.0955131 -0.0857004 -0.0754881 -0.1741963 0.0874605 -0.0646586 -0.0719672 0.1375259 -0.1537135 -0.0931180 0.0805482 -0.1409594 0.0251769 -0.1479106 -0.0581203 -0.1912756 -0.0276916 -0.1441640 -0.1013099 0.3397737 0.3437870 0.3258222 0.3062857 0.3527731 0.1201783 -0.0513905 0.2407494 -0.1720628 0.0720719 0.2595185 0.0473731 0.0343195 -0.0608148 0.1432836 -0.0153828 -0.0429246 -0.0702011 0.0981652 -0.1298050 -0.0591074 -0.2069018 0.0498479 -0.1769769 0.1015762 0.1087091 -0.1366237 0.0252421 -0.0606837 -0.0709301 -0.1032430 0.0488387 -0.1174807 0.3370633 -0.0195866 -0.0721219 -0.0588542 0.0787935 0.1995425 0.0333172 0.0104483 0.0506705 -0.0334870 -0.0163863 -0.1901080 -0.1268719 0.0105195 -0.0114958 -0.1311249 -0.0757347 -0.0473673 0.0513050 -0.0223071 -0.0976385 0.2282712 0.3597412 0.0423568 0.1320849 -0.0680190 0.1513550 -0.2450448 0.0370398 -0.0141607 -0.0207286 -0.0534726 0.0786084 -0.0117332 -0.0485859 -0.1288545 0.1068503 0.0214839 -0.2059256 0.1968357 -0.1888738 0.0324849 -0.0733293 -0.0209207 0.0455259 -0.0047386 -0.0679015 -0.0222708 -0.1382395 0.0761547 -0.0137691 -0.0022522 -0.2182088 0.0124621 -0.2087860 -0.1416326 0.2340414 -0.0748110 -0.0975373 0.2193913 -0.1039831 -0.1668451 -0.2139145 0.0846658 -0.0507656 -0.1689633 -0.0944939 0.0165837 0.1644150 0.0322464 -0.0471542 0.1856780 -0.0199847 -0.0399385 0.0038846 -0.0055021 0.1740867 0.0280852 -0.0507397 0.1765618 -0.0856615 -0.0988950 -0.0245427 0.2421822 0.0232105 0.1870379 0.0403490 -0.0865220 0.1104661 0.1381634 0.1155729 0.2259672 -0.1085302 0.0317957 0.0234264 -0.1729336 -0.0960790 -0.1818582 -0.0254353 0.1744152 -0.0383906 -0.0756232 -0.0370558 -0.1120518 0.1457932 -0.1254884 -0.1355079
-0.0138375 0.0891536 0.1109803 0.4050170 -0.1493126 -0.3068723 0.0560175 1.5974091 0.0202339 -0.3937576 0.1757749 0.4348170 -0.2023166 0.0490922 -0.3160765 -0.1642498 -0.2853654 -0.0617538 0.1098612 -0.2022878 -0.1788646 0.1998789 -0.1861147 -0.3282533 0.1717034 -0.3102728 0.1728791 0.8025097 0.3846095 -0.0822228 0.4185635 -0.3289137 -0.1522780 -0.2665608 -0.1252703 0.1138367 0.0639874 -0.3501046 -0.2317289 -0.1615012 -0.2317913 -0.2012172 -0.1349629 -0.2203889 0.2649629 -0.2022875 -0.0669208 0.2137161 -0.0760538 0.1409136 0.0205453 0.1082195 0.4647581 0.5381321 -0.0904085 -0.0445334 -0.2335457 0.4671769 -0.1026937 0.0137189 -0.3224723 0.1611445 0.1105480 0.7491041 0.6480773 0.0022637 0.1887943 -0.1589158 -0.0312495 -0.1161031 -0.1858771 -0.1083076 0.1330287 0.5443927 0.0605005 -0.1243045 -0.1419757 -0.0818666 0.0731904 -0.2245681 0.4137766 -0.1661138 -0.1140993 -0.2921176 -0.2420464 0.0453797 0.0217488 0.0845459 -0.2453594 0.0879973 -0.0115204 -0.2310877 0.3870731 -0.0673818 0.0718992 0.3743169 0.0507772 -0.1572065 -0.1681467 0.0977978 0.4809924 0.0746225 -0.1906274 -0.1243087 -0.1377482 0.1214906 0.0867973 -0.0123898 -0.1836531 -0.0118026 -0.2468820 -0.0443626 -0.2799800 -0.1128217 -0.1642287 -0.1757704 0.1541434 -0.0338898 -0.2296818 0.0758727 0.0541408 0.4342456 0.0024902 -0.1882807 0.1848360 0.6234952 -0.1510004 -0.1403428 0.3518780 -0.1777107 -0.1372802 -0.1074219 0.0128129 0.2228020 -0.1120613 -0.1187219 0.0073386 -0.3103479 -0.1226716 -0.0468810 -0.1431887 0.0688126 0.3698515 0.1051412 -0.1643523 -0.1427929 -0.2632567 0.2543523 -0.0825264 -0.0242290 -0.1711827 -0.3127109 -0.2387590 0.1122817 0.2049014 0.0198087 0.3865099 -0.0954604 0.1422991 -0.2318612 -0.0615546 -0.1010914 0.2715209 -0.1250013 0.1589461 -0.0345004 0.0479381 -0.0971771 0.2019519 0.2758129 -0.0225333 -0.1490638 0.0819273 -0.0775138 -0.3121541 0.7123005 0.3326907 -0.3248087 -0.1723247
-0.0959551 -0.0576514 -0.0690907 0.2073937 0.0349331 -0.0044910 -0.0407903 0.0202339 1.0760013 0.1086714 -0.1624444 -0.0002363 0.0056176 -0.0120540 0.0243595 -0.0848320 0.0186250 -0.0983519 -0.0715007 0.0268986 -0.0304265 -0.0796934 -0.0772569 0.1275043 0.1238322 0.0642341 0.0516173 0.1219939 0.0271987 -0.1049648 -0.0144703 -0.0267470 -0.0742378 -0.0260666 -0.0203795 0.0688257 0.1247704 0.1363474 0.0233305 0.0261045 -0.0245960 0.0238561 0.0154942 0.0364177 -0.0135305 0.0896927 -0.0092731 0.0434906 0.1067891 0.0564662 -0.0294800 0.1329741 -0.0105208 -0.0148288 -0.0379825 -0.0569219 -0.0332358 0.0668945 -0.0400076 -0.1282467 -0.0272029 -0.0423702 -0.1578963 0.0747623 0.1640572 -0.1009180 0.0642263 -0.0937702 0.0282071 -0.0146535 -0.0066961 -0.0203946 -0.0378309 0.0509222 -0.0183173 -0.0700254 -0.0351644 -0.0568660 -0.0117296 0.0583591 0.0729865 -0.0523825 -0.0206698 0.0630540 0.0327261 -0.0669878 -0.1149064 0.0475874 -0.0156520 0.1269568 -0.0405502 -0.0193255 -0.0326126 -0.0752225 -0.1298889 0.1814183 0.1116956 0.0899325 -0.0231504 0.0270945 0.0072196 0.0163418 -0.0809982 -0.0236726 -0.0360138 -0.1087282 -0.0837204 -0.1047035 0.0521780 0.0032432 0.1343193 -0.0285383 -0.0319859 -0.0014212 0.0590787 -0.0423307 -0.0521738 0.0012341 0.1479159 0.0555162 0.1075244 -0.0061356 -0.1469577 -0.0070658 -0.0210781 -0.0444534 -0.1308027 -0.0030692 0.0646500 -0.0090389 -0.0221172 0.0401536 0.0748944 -0.0878566 0.0003036 -0.0155446 -0.0475523 -0.0322505 -0.1031071 -0.0969493 -0.0063350 -0.1223939 -0.0687051 0.0306052 0.0079131 -0.0568486 0.0268865 0.0702460 -0.0036375 -0.0499517 0.0857184 0.0823786 -0.0415265 -0.0987718 0.0963420 -0.0209071 0.0063977 -0.0705461 -0.0717203 -0.0249229 0.0051699 -0.0882385 0.0513629 0.0033536 0.0694054 -0.0467618 -0.1049552 -0.1237380 0.0286704 0.0541351 -0.0714052 -0.0523798 -0.0004701 -0.1179120 0.0045934 0.1493669 0.0070890 0.0107463 0.0290667
-0.0382071 -0.1214412 -0.0830968 -0.1414527 -0.0159138 0.0849742 -0.0329043 -0.3937576 0.1086714 1.1866406 -0.1869085 -0.2257404 -0.0325099 -0.0188330 0.1641448 0.0085388 0.0704016 -0.1186364 -0.1368694 0.1304076 0.0550904 -0.0950389 0.0473540 0.2268428 -0.0404346 0.0882785 -0.1267197 -0.2897534 -0.1126842 -0.0177947 -0.2020110 0.1911769 0.1490743 0.1982078 0.1656095 0.0395507 0.0849120 0.2647780 0.2112687 0.0647028 0.0202839 0.0879189 0.0731695 0.0445089 -0.1725278 0.0872759 -0.0755013 -0.0738660 0.1229682 -0.0460576 -0.0505225 0.0278739 -0.3170910 -0.2687801 -0.0264413 0.0548148 0.2463937 -0.2362082 -0.0107712 -0.0295034 0.1235470 -0.2190811 -0.1308076 -0.3247023 -0.2005426 -0.0225987 -0.0625101 0.0152413 -0.0435802 -0.0507875 0.0119069 0.0337280 -0.0204700 -0.2154842 -0.0633866 0.0330576 0.0078622 -0.0841608 0.0073715 0.1778146 -0.2684136 0.2088942 0.0132086 0.2106083 0.1895197 -0.1143455 -0.1278893 -0.0830448 0.1667293 0.0217812 -0.0277127 0.0897559 -0.2305397 0.1481617 -0.0452794 0.0500611 -0.0228760 0.2021710 0.0894993 -0.0196062 -0.1731969 0.0121780 0.0177297 -0.0437014 -0.0077893 -0.1741403 -0.1649754 -0.0951387 0.0610528 0.0595547 0.2955250 -0.1497823 0.2794934 0.0888619 0.0479289 0.0227141 -0.1558732 0.0413818 0.1261227 0.0276442 0.1035576 -0.2848507 -0.0618767 0.0007396 -0.1542380 -0.4157428 0.1401807 0.0647607 -0.0596545 0.2252945 0.0861116 -0.0129765 0.0980652 -0.0117674 0.0216979 -0.0302643 0.0243641 0.3225738 -0.0198163 0.0700275 -0.0188327 -0.1448300 -0.1960326 -0.1583111 0.0548230 0.0004274 0.2257798 0.0016485 -0.0741527 0.0315199 0.2117658 0.2855591 0.2081832 -0.1242318 -0.0449630 -0.0902149 -0.1413593 -0.0389480 -0.1671147 0.1732581 -0.0335177 0.2044079 -0.0884798 0.0039068 -0.0032663 -0.1470545 -0.0927215 -0.0087289 0.0543882 -0.1962409 -0.0939038 0.1408426 -0.1072677 -0.0046644 0.3410411 -0.3341031 -0.3184972 0.2698783 0.0494745
-0.0165734 0.1268581 0.2673190 0.1003400 0.0317603 -0.2797872 -0.2024753 0.1757749 -0.1624444 -0.1869085 1.1155127 0.0511386 0.0085119 -0.1356001 -0.0856891 0.1112291 -0.0090589 0.0649559 -0.0586833 -0.1333436 -0.0514066 0.2770961 0.0498859 0.0356253 -0.1510410 -0.0277405 0.0721713 -0.0742474 0.1685325 0.0480659 0.1591561 -0.0848179 0.0370378 0.0617170 -0.0104768 0.0787184 0.0597815 -0.0223799 -0.0520042 -0.3050834 -0.3281118 -0.3059884 -0.3257657 -0.4006000 -0.2052214 -0.0189379 -0.2346516 0.0620878 -0.1932878 -0.2866355 -0.0056737 -0.1164879 0.1290774 0.0028523 -0.0236168 0.0625602 -0.0288907 -0.0492261 0.0466624 0.1349648 0.0711869 0.2026794 0.3032080 0.0233540 -0.1589716 0.2332594 -0.0621061 0.1125621 -0.0927214 0.0922341 -0.0842006 0.0870062 -0.0739201 0.1543332 0.1327586 0.0314881 -0.1926749 -0.0848143 0.0398916 -0.0457362 -0.0210113 -0.0606021 0.0246252 -0.0756127 -0.0670676 0.0746832 0.0506141 0.0561787 -0.0048771 -0.1841745 -0.0434132 -0.1183455 0.1138885 -0.0521867 0.0071359 -0.0018689 -0.1970863 0.0893856 -0.0483731 0.0999795 -0.0088596 -0.1165882 0.1599782 -0.0113150 -0.1471923 0.2177719 0.1413281 0.0431009 -0.2348682 -0.2153636 0.0228649 -0.2192993 0.0289812 -0.1491969 -0.0487212 -0.0030667 0.1403196 -0.0147966 -0.0269182 -0.1178567 0.0871823 -0.0526735 0.0666491 -0.1356470 0.1746566 0.0819898 0.1225431 0.1336908 -0.1393393 0.0076610 0.0536822 -0.2786055 0.2516063 0.1578652 0.1724563 -0.0505433 0.1108444 -0.0745840 0.0540273 0.2174443 -0.0309768 0.1201434 0.2023004 -0.0352681 0.0141575 -0.0139158 -0.0808565 -0.1290106 -0.1009793 -0.0495706 0.0719275 -0.2457210 -0.0429680 0.3173662 0.0191048 -0.0123891 -0.0672438 -0.1585758 -0.0248547 0.0073139 -0.1344991 0.0039486 -0.0081562 -0.2914141 0.0065876 0.0561277 0.0864803 0.1794588 0.0047974 0.1020505 0.0547760 -0.1153527 0.0797040 0.1541099 0.0047971 0.1348407 -0.0397523 -0.1262372 0.1000037
-0.0019187 0.0529921 0.0002660 0.3466186 0.0083113 -0.1413450 0.2019140 0.4348170 -0.0002363 -0.2257404 0.0511386 1.0115077 -0.0666470 0.1421088 -0.1764008 -0.1776933 -0.2022215 -0.0377639 0.0599820 0.0810651 -0.1335949 0.0215825 -0.1272702 -0.2532924 0.0969246 -0.1990117 0.1289350 0.4913012 0.1006724 -0.0939988 0.2698011 -0.2484187 0.0512135 -0.2824232 -0.0215698 -0.1455738 -0.0639338 -0.2521135 -0.1525114 -0.0996339 -0.1652869 -0.0802585 -0.0802791 -0.1000858 0.1410002 -0.1346858 0.0664637 0.1057596 -0.0238582 0.0753171 -0.0435492 0.0773589 0.2671651 0.2503922 -0.0528320 -0.0955230 -0.2215899 0.2182753 -0.0518566 0.0262293 -0.2476888 0.2128095 -0.0674277 0.3481179 0.3208388 -0.0380408 0.1195573 -0.0215448 -0.0193115 -0.0867364 -0.0827099 -0.1911772 0.2294791 0.2236809 0.1030641 -0.0731623 -0.1213459 0.0465482 0.0062695 -0.2251174 0.3536815 -0.1097885 0.0301268 -0.2169203 -0.1442377 0.0120683 0.0788625 0.0649891 -0.1276672 -0.0102781 0.0240297 -0.1916860 0.1498993 0.2052533 0.3130307 0.1767150 0.0879690 -0.1006804 0.0986812 -0.1102641 0.1869136 0.1419939 0.0240207 -0.0441112 -0.0674830 0.1578362 0.1070797 0.0331528 -0.1247283 -0.0983443 -0.2965993 -0.0062574 -0.1743927 -0.0255458 -0.0871731 -0.0140165 0.0378208 -0.0689254 -0.1192766 0.0007862 -0.0563484 0.2367696 0.0620309 -0.0895928 0.0258001 0.3175200 -0.3212726 -0.1217502 0.3936994 -0.0902142 -0.1939489 -0.0759553 -0.1139979 0.0029877 -0.1452473 0.0225194 -0.0873503 -0.2926501 -0.1011741 0.0767601 0.1215084 -0.0298323 0.1648938 0.2414986 -0.0075145 -0.0783391 -0.1828447 0.0744448 0.0541341 0.0080955 -0.1790826 -0.1483918 -0.0959870 0.0002281 0.0153527 0.1136676 0.1790986 -0.0298309 0.2059992 -0.1699003 -0.0017484 0.0652881 0.1030535 -0.0143693 0.0152368 0.0909188 0.1139124 -0.1810993 -0.0166212 0.0158088 -0.0183804 0.0667652 0.1226890 -0.0556366 -0.2381226 0.3263053 0.2685852 -0.2709076 -0.1440135
-0.0395544 -0.0684854 -0.0265106 -0.0161541 0.0814958 -0.0825176 -0.1011943 -0.2023166 0.0056176 -0.0325099 0.0085119 -0.0666470 0.9876972 -0.0520806 0.1046000 0.0646096 0.1521719 0.0192866 0.0301258 -0.0521006 0.1408091 0.0117865 0.0912153 0.1475902 -0.0532166 0.0122860 0.1288384 -0.1561684 0.0418428 0.1078994 -0.1396519 0.0810443 0.0713892 0.0635178 -0.0238745 -0.0433346 -0.1119622 0.1117030 -0.0693228 -0.1427101 -0.0651934 -0.1593838 -0.1108140 -0.1040106 -0.0257547 0.0164628 -0.0102056 0.0205824 -0.0687319 -0.0898708 0.0386195 -0.0318356 -0.0054856 -0.1038357 0.0291468 -0.0227028 0.0258521 -0.0736749 0.1171005 0.0061568 0.1620308 0.0332851 0.0553197 -0.0831252 -0.1930423 0.0112136 0.0104984 0.0208022 -0.0297685 0.0145796 0.0289516 0.1025648 -0.0251894 -0.1619575 0.0314975 0.0759132 -0.0009104 0.0718567 -0.0203213 -0.0225090 -0.0387417 0.0530069 -0.0170842 0.0720341 0.1226558 -0.0482742 -0.0081441 0.0940859 0.0400966 0.0688341 -0.0504770 0.0255988 0.0493490 -0.1572801 -0.0815069 0.0113794 -0.0654235 0.0207339 0.0134572 0.0756399 -0.0523977 0.0768608 0.0616615 0.1327845 -0.0216694 0.0513281 -0.0274179 0.1029961 -0.1187086 -0.0537372 0.0236690 -0.0072866 0.0252341 -0.0440804 -0.0928206 0.0546936 -0.0373527 -0.0785048 0.0572293 -0.0487924 -0.0278485 -0.0812761 0.0152319 -0.0081888 -0.0197959 -0.0704455 0.0284310 0.0839440 -0.1138259 -0.0207105 -0.0294740 -0.0360512 -0.0018825 -0.0600730 0.0412022 -0.0708801 -0.0361413 0.0918236 0.1723246 -0.0738789 0.0345857 -0.0103916 -0.0326244 0.0905288 0.0563660 0.1448252 0.0704949 0.0378195 -0.1094258 -0.0052139 -0.0494387 0.0134518 0.0598263 -0.0114068 -0.0850901 -0.0419216 -0.0586300 -0.0815914 -0.0762961 -0.0183339 -0.0733469 -0.0495227 -0.0958059 -0.0625375 0.0133529 0.0418551 -0.0020574 0.0238377 -0.0934986 0.0123636 0.1081804 0.0989414 -0.0026342 -0.0074181 -0.0537910 -0.0061902 -0.0840875 0.0351536 0.0317928
-0.0034802 -0.0258546 -0.1189392 0.1008549 0.0035630 0.0588430 0.3518957 0.0490922 -0.0120540 -0.0188330 -0.1356001 0.1421088 -0.0520806 1.0399708 -0.1140103 -0.0098553 -0.0650797 -0.0797800 0.0496920 0.1154564 -0.0602144 -0.0984714 0.0207573 -0.0698213 -0.0340546 -0.0127912 0.0186679 0.0316753 -0.1020855 -0.1028125 0.0847005 -0.1186946 0.0679627 0.0168395 -0.0081276 -0.1420828 -0.0055404 -0.1323253 -0.0566611 0.1333020 0.1257173 0.1550014 0.1146688 0.1514587 0.0024940 -0.0587791 0.1049804 -0.1151936 0.0358625 0.1272036 0.0041555 0.0691026 0.0400075 0.0597623 -0.0013554 0.0086380 -0.0093791 0.1515877 -0.1058076 0.0224215 -0.1665430 0.0896341 -0.1367237 0.0909258 0.0473410 -0.1381516 0.0089528 -0.0270532 0.0269049 0.0049448 0.0131592 -0.1359946 0.2072821 -0.0095052 -0.0353246 -0.0246392 0.0269174 0.1142361 0.0094341 0.0008953 0.0527274 -0.0101020 0.0241087 -0.1244949 -0.0616823 -0.0191966 0.0653928 -0.0135867 -0.0238132 -0.0101773 0.0367255 -0.0043914 -0.1205159 0.1975126 0.1054236 0.0397910 0.1413877 -0.1239223 0.1028391 -0.1942740 0.0365214 0.0223058 -0.0204627 0.0110181 -0.0020083 -0.0156719 -0.0217127 -0.0691151 0.0100981 0.0336059 -0.1068207 0.0632370 -0.1214144 0.0367974 -0.0779552 -0.0198123 -0.0790611 -0.0329222 -0.0860932 -0.0157916 -0.1295966 0.0508011 -0.0838876 -0.0534545 -0.1675722 -0.0207811 -0.1224732 -0.1312521 0.2063516 -0.0104519 -0.0853088 0.1310179 -0.0505688 -0.0848741 -0.1504200 0.0125761 0.0087014 -0.1397426 -0.0567538 -0.0659320 0.1005207 -0.0032004 -0.0251939 0.0290963 0.0333035 -0.0434862 0.0740535 0.0096827 0.1155473 -0.0035710 -0.0687508 0.1223366 -0.0750723 -0.0470410 -0.1023004 0.0612956 0.0842857 0.0880442 0.0957200 -0.0395159 0.0025239 0.0948032 0.0074615 0.1589461 -0.1059480 0.0370882 0.0044331 -0.1425872 -0.0250102 -0.1432265 -0.0450457 0.1128006 0.0694154 0.0082259 0.0541120 -0.0765392 0.0326439 -0.0741779 -0.0826873
0.0457761 0.0079835 0.0012126 -0.1072579 0.0194875 0.0702607 -0.1339540 -0.3160765 0.0243595 0.1641448 -0.0856891 -0.1764008 0.1046000 -0.1140103 0.9172452 0.0491393 0.1132028 0.0876297 -0.0754652 0.0822727 0.0963749 -0.0789544 0.0420283 0.1994503 0.0647838 0.2146713 0.0384735 -0.2255919 -0.1330992 0.0796112 -0.1284882 0.1312388 0.0319258 -0.0021635 0.0777668 -0.0710425 0.0705988 0.1667443 0.0735100 -0.0006730 -0.0065818 -0.0478315 -0.0427549 0.0200249 -0.1256722 0.1168234 -0.0075464 -0.0551776 0.0288180 -0.0627555 -0.0316909 0.0643568 -0.1694279 -0.1740198 0.0010748 0.0649235 0.0679367 -0.2127443 0.0803054 0.0077584 0.1611631 -0.1289441 -0.0041552 -0.2417410 -0.2160535 -0.0578807 0.0322280 -0.0439472 0.0109023 -0.0076179 0.0271165 0.0669503 -0.1214456 -0.1535050 -0.0091886 0.0327667 0.1546084 0.0057791 -0.0644427 0.1355422 -0.1935816 0.0124449 0.0346904 0.1171674 0.0658902 -0.0509460 -0.0646335 -0.0201366 0.0714280 -0.0293126 -0.0014301 0.0807255 -0.1251735 -0.0795843 -0.1699284 -0.0716373 -0.0083970 0.1316690 0.0824104 -0.0033756 -0.1852142 0.0430002 0.0216471 0.1049604 0.0646781 -0.0863779 -0.0832785 0.0589380 0.0865216 0.1048242 0.1813472 -0.0450942 0.1228830 0.0164672 0.0707893 0.0315411 -0.0128206 0.1456708 0.0559881 0.2000389 0.0192315 -0.1868455 -0.0662761 0.0246803 -0.0778861 -0.2500774 0.0154803 0.0408900 -0.1495667 0.0165197 0.1441315 0.0055256 -0.0099226 -0.0522244 0.0342941 0.1046933 -0.0196119 0.1740475 0.0562290 -0.0294014 0.0257321 -0.1193036 -0.1495457 -0.1111405 0.0193809 0.0387063 0.0392661 -0.1003443 0.0044801 -0.0221822 0.0320097 0.0471313 0.2015954 -0.0598978 -0.0596757 -0.1267474 -0.0735439 -0.0048457 -0.1324712 0.0552005 0.0026352 -0.0262234 -0.0782977 0.0402051 0.0423535 -0.0764479 0.0198325 0.0136415 -0.0363088 -0.0667695 -0.0080097 -0.0074077 -0.0057424 -0.0395498 0.1199344 -0.1921840 -0.1491032 0.2096466 0.0049216
-0.0253848 -0.0223295 0.0564625 -0.1197191 0.0008678 -0.0490375 -0.0909598 -0.1642498 -0.0848320 0.0085388 0.1112291 -0.1776933 0.0646096 -0.0098553 0.0491393 0.9449000 0.1551854 0.0515752 -0.0380519 -0.0381429 0.0498701 0.0188888 0.2221106 0.0645883 -0.0936771 0.0641903 0.0232339 -0.2907302 -0.0563913 0.1080203 -0.1140925 0.0759964 0.0152647 0.1383674 0.0883462 0.1181187 -0.0840639 0.0403443 0.0530846 -0.2164076 -0.0638852 -0.1817184 -0.1552062 -0.2284446 -0.1758436 0.1256122 -0.0948294 0.0321306 -0.0751306 -0.2087946 0.0367135 -0.0436534 0.0248628 -0.1623841 0.0559684 0.0724746 0.0899639 -0.1555422 0.0872877 0.0273312 0.1749146 -0.0231810 0.1395499 -0.2616086 -0.2326069 0.0290230 -0.0846009 0.1009218 -0.0813393 0.0965281 -0.0138812 0.1377961 -0.1594704 -0.1375738 0.0124759 0.0780964 0.0040117 -0.0070541 0.0151557 0.0253797 -0.1471325 0.0127740 0.0339490 0.0577334 -0.0003394 0.0472136 -0.0122500 0.0203830 0.1423383 -0.0776951 -0.0234810 -0.0149294 -0.0460448 -0.0198558 -0.1057285 -0.1923366 -0.1086609 -0.0785706 -0.0029870 0.1781504 -0.1490853 -0.0185565 0.0945779 0.0720865 -0.0297100 0.0254006 0.0168170 0.0585351 -0.0318998 -0.0343759 0.1515891 -0.1066974 0.1202873 -0.0950609 0.0080339 0.0712809 -0.0347257 -0.0292071 -0.0467168 -0.0388536 0.0662551 -0.0821424 -0.0094775 0.0617457 0.0405497 -0.1655454 0.3422246 0.0923157 -0.2220019 0.0956086 0.1948288 -0.1653802 -0.0160984 0.1365473 0.1246390 -0.0102214 0.0528767 0.1677389 0.1144814 -0.0032088 0.0024854 0.1617213 0.0413394 -0.1370211 0.1109786 0.0134898 0.0606145 -0.1500145 -0.0379608 -0.0046506 -0.0023760 -0.0832212 0.0030827 0.0744958 -0.0628621 -0.1021736 -0.0836316 -0.0771228 -0.0546556 0.0824089 -0.0948628 -0.0580363 -0.1769021 -0.1481102 -0.0343110 -0.0089027 0.0050352 0.1557170 0.0100996 0.0391639 0.0072535 -0.0569675 0.0089178 0.0523352 0.1147834 -0.1008044 -0.1218321 0.1124063 0.0901863
-0.0152196 0.0223822 0.1067373 -0.0716661 0.0423670 -0.0275840 -0.1238329 -0.2853654 0.0186250 0.0704016 -0.0090589 -0.2022215 0.1521719 -0.0650797 0.1132028 0.1551854 1.1687149 0.0132297 -0.0613851 -0.0480501 0.1197077 0.0264572 0.1958466 0.2634390 -0.0373677 0.1182768 0.0448369 -0.1831968 0.0387827 0.1864588 -0.2060729 0.2685314 0.1171175 0.1356727 -0.0343803 0.0275369 -0.1190195 0.2382808 0.0618900 -0.2615527 -0.1202131 -0.2474144 -0.1935214 -0.2381240 -0.2072782 0.2114011 -0.1177943 0.0006070 -0.0745817 -0.2796395 0.0496960 -0.0781414 -0.0769213 -0.1685629 0.0448929 0.1351452 0.1285134 -0.0512241 0.0717707 -0.0077430 0.1499520 -0.0601456 0.1242472 -0.2690441 -0.2692117 0.0005010 -0.0446787 0.0409295 -0.0812874 0.0237366 0.0988991 0.1574807 -0.1179314 -0.2055068 -0.0020238 0.1073804 -0.0559742 -0.0687603 -0.0356882 0.0471769 -0.1258896 0.1486317 -0.0794973 0.1296444 -0.0112575 -0.0241099 0.0705623 -0.0268197 0.0509153 -0.0654875 -0.1043982 0.0646120 -0.0554920 -0.1475348 -0.1689200 -0.0810436 -0.1240406 0.1208024 0.0237813 0.1237491 -0.1658432 -0.0318341 0.0443409 0.0882438 -0.0860006 -0.0468440 0.0018085 -0.0322872 0.0048901 -0.0790628 0.2379973 -0.1030003 0.2052038 -0.0782126 -0.0275855 0.0701461 0.0204861 -0.0038540 0.0263812 -0.0928066 0.0876015 -0.1329671 0.1064845 0.0537519 0.0459396 -0.1276282 0.1603423 0.1368520 -0.1874027 0.0520376 0.0667840 -0.1710723 0.0007632 -0.0446899 0.1147027 -0.0441173 -0.0129382 0.2261485 0.1094234 -0.0489241 0.0106289 0.0345260 -0.1334477 -0.0727912 0.0248070 0.0666479 0.0600906 -0.1275946 -0.0880864 -0.0328992 0.0709506 0.0058429 -0.0391943 0.0488103 0.0152694 -0.1475343 0.0648602 -0.1293323 -0.0686903 0.0633227 -0.1306258 -0.0291216 -0.1199533 -0.1524009 0.0296966 -0.0185765 -0.1142996 0.1773584 0.0318464 -0.0179474 0.0404934 -0.0706724 -0.0871320 0.0724462 0.0183303 -0.0469421 -0.1883923 0.1350268 0.0753622
0.0256967 0.0236004 0.0175837 -0.0871205 0.0061790 -0.1512264 -0.0411743 -0.0617538 -0.0983519 -0.1186364 0.0649559 -0.0377639 0.0192866 -0.0797800 0.0876297 0.0515752 0.0132297 0.9509827 0.1151362 -0.0207255 0.1309448 0.0321261 0.0294932 -0.0666341 0.0865471 -0.0064188 -0.0735391 -0.1161906 -0.0112026 0.1797424 -0.1052357 -0.0134055 -0.0569319 -0.0842218 -0.0041009 0.0017164 -0.1193930 -0.1132050 -0.0320466 -0.2594244 -0.1555590 -0.2687432 -0.2806149 -0.2662178 -0.0777137 0.0515494 -0.1061016 0.0817985 -0.1890074 -0.2063493 -0.0452938 -0.0025314 0.0704503 0.0172257 -0.0148486 -0.0096151 -0.1207180 -0.0646940 0.0810088 0.1156467 0.0549957 0.0184043 0.1152446 -0.0907008 -0.1172431 0.0654949 -0.0546331 -0.0472438 0.1052894 0.0008988 0.0535276 -0.0071131 -0.0358351 -0.1034625 0.0864869 0.1396910 0.0862419 0.0878774 0.0334716 -0.1567665 -0.0540014 0.0378359 0.0473119 -0.0099405 0.0191673 -0.0300529 0.0993466 0.0880672 -0.0504362 -0.0680808 -0.0031494 -0.0722175 0.0788359 -0.0384406 0.0999141 -0.2555534 -0.1690849 -0.0999026 0.0060326 0.0421449 -0.0208438 -0.0060796 0.0630864 0.0850841 0.0344433 0.0720735 0.1302078 0.1749576 -0.0638639 0.0293897 -0.0343467 -0.0725515 0.0987539 -0.0555600 0.0589523 0.0232662 0.3326014 0.0081856 -0.0665404 -0.0557638 0.0373551 0.0706726 0.1410971 0.0498818 0.0548236 0.0618922 0.0070806 -0.0013578 -0.0913242 -0.0529533 0.1327581 -0.0924371 -0.1805178 0.0539390 0.1180781 0.0818407 -0.0667105 0.0731462 0.0745748 0.0232273 0.0586878 -0.0210512 0.0023474 -0.0107186 0.0167421 -0.0507352 -0.1308778 -0.1199563 -0.0830232 0.1048525 0.0752122 -0.2130586 0.0854290 0.0009281 0.0203249 0.0749911 -0.0457264 -0.1314782 0.0465151 -0.0495255 0.0500415 0.0988173 -0.1059787 -0.1674204 -0.0400240 0.1171724 0.1108295 0.0491340 -0.0430266 0.1322993 0.1041712 -0.0091203 0.0662096 -0.0125040 -0.0595238 0.0571299 0.0113538 -0.0024158 -0.0437601
0.0451085 -0.0005077 -0.0757651 -0.0840218 0.0190734 -0.0277518 0.0717558 0.1098612 -0.0715007 -0.1368694 -0.0586833 0.0599820 0.0301258 0.0496920 -0.0754652 -0.0380519 -0.0613851 0.1151362 1.0455582 -0.0083491 0.0664566 -0.0096488 0.0004830 -0.1622211 -0.0251292 -0.1696188 -0.0724315 0.1449829 -0.0615153 0.1159642 0.0617372 -0.0899314 -0.0985573 -0.1384519 -0.0612845 -0.0469244 -0.0335729 -0.2005768 0.0189328 -0.0155155 0.0252745 -0.0381231 0.0422076 -0.0217883 0.1381061 -0.0341951 0.0835212 -0.0388143 -0.1213390 0.0497541 -0.0228192 -0.0548398 0.0478586 0.1029606 0.0019882 -0.1127683 -0.1311090 0.0381662 -0.0539037 0.1329087 -0.1126094 0.0884655 0.0508393 0.1890907 0.0749487 0.0000014 -0.0273246 0.1144675 0.1417868 -0.0515421 0.0046255 -0.0899236 0.1000019 0.1657722 -0.0090180 -0.0091147 0.0692369 0.1489987 -0.0591224 -0.1593907 0.0635920 -0.0410631 -0.0083035 -0.0314407 0.0269045 -0.0298174 0.0418539 0.0197228 -0.0259056 0.0541228 0.0142102 0.0155151 0.2021439 -0.0400623 0.0670490 -0.0576938 -0.0187805 -0.0803735 -0.0168401 -0.1240792 0.0688877 0.0323843 -0.0634093 0.0013531 -0.0320619 0.0614883 0.1270962 0.1080744 0.0378102 -0.0216815 -0.2104316 0.0822227 -0.1082242 0.0497731 0.0420510 0.1563830 0.0897719 0.0520141 -0.0820067 -0.1184617 -0.1205068 0.1798217 0.0490542 0.0687715 -0.0489869 0.2295514 -0.0751812 -0.0977731 0.0154019 -0.1211533 -0.0400047 0.0860194 -0.1749836 -0.0422523 -0.0988557 0.0222269 -0.0533623 -0.0556622 -0.0245954 -0.1000270 0.0088551 0.0039335 0.0528810 0.1324323 -0.0379814 0.0120840 -0.0198893 0.0817677 0.0329884 0.1311699 -0.1649522 -0.1082979 0.0153234 -0.1056114 -0.0336624 0.0531780 0.0061950 -0.0363340 0.0922455 -0.0612316 0.0696303 -0.0183829 0.0504082 0.0410950 -0.0499648 -0.0345781 -0.0154493 -0.1006612 -0.0615129 0.0970553 0.0975090 0.0331422 0.0483141 -0.0337171 -0.0964544 0.0276917 0.1349406 -0.0525172 -0.0665011
-0.0733857 -0.0428396 -0.1237692 -0.0691349 -0.0281975 0.0728628 0.1762116 -0.2022878 0.0268986 0.1304076 -0.1333436 0.0810651 -0.0521006 0.1154564 0.0822727 -0.0381429 -0.0480501 -0.0207255 -0.0083491 1.0015570 -0.0238645 -0.0896058 -0.0716039 -0.0283513 -0.0185700 -0.0154864 -0.1132479 -0.0636710 -0.1613788 -0.0782737 -0.0376727 -0.0240868 0.1269949 0.0358075 0.0316013 -0.0131757 0.0843585 -0.0134421 0.0705308 0.0839660 0.0423578 0.0900863 0.1177764 0.1095972 -0.1025519 0.0575675 0.1450043 -0.0846432 0.1968331 0.0188922 0.0476977 0.0119292 -0.2070895 -0.1272870 0.0135374 -0.0482614 -0.0240154 -0.1076096 -0.0057790 0.0063532 -0.0016352 0.0300735 -0.0910280 -0.1391035 0.0554840 -0.0771784 0.0208621 -0.0219227 -0.0195945 -0.0355376 -0.0030835 -0.0585185 0.2736995 -0.0728938 0.0178113 -0.1417467 0.0991285 0.1374454 0.0352797 0.0596278 -0.1129131 -0.0833089 0.1856496 0.0347467 -0.0159695 0.0132679 -0.0574494 -0.0797554 0.0420279 -0.0377051 0.0511052 0.0472359 -0.1626022 0.2063007 0.0782832 -0.0808366 0.0527474 -0.0115232 0.1861364 -0.1381373 -0.1469331 -0.0323706 0.0946260 -0.0465443 0.0023658 -0.0202293 -0.0970618 0.0007107 -0.0158233 0.0085387 0.0509148 0.0513137 -0.0580316 0.0915934 0.0223547 -0.0086342 -0.0306463 0.1866974 0.0609965 0.0472069 -0.0320422 -0.1037655 -0.0666941 0.1181303 -0.0809942 -0.2312978 -0.0891249 -0.0737086 0.0436450 0.0971281 -0.0161945 0.0441092 -0.0443151 -0.0939004 -0.0819173 0.0558213 -0.0099667 0.0179916 -0.0721923 0.0282142 0.1120050 -0.0316112 -0.1420910 0.0298013 0.0590685 0.0245635 0.0193113 -0.0571048 0.1809646 -0.0041430 0.0020056 0.1646820 0.1091825 -0.0575693 -0.1535708 0.0398691 -0.0941393 -0.0071410 -0.0098723 0.0067376 -0.0288340 0.0938980 -0.0355464 0.0940116 -0.0488289 -0.0847797 0.0030411 -0.1306078 -0.1006850 -0.0986418 -0.0862842 0.1568155 -0.0385972 -0.0318090 0.0822250 -0.3027341 -0.0216709 0.0618903 -0.0221302
-0.0605751 -0.1269607 -0.1690049 -0.0887805 -0.0470946 0.0235794 -0.0955131 -0.1788646 -0.0304265 0.0550904 -0.0514066 -0.1335949 0.1408091 -0.0602144 0.0963749 0.0498701 0.1197077 0.1309448 0.0664566 -0.0238645 1.0494444 -0.1041826 0.0366436 0.0888409 -0.0740161 -0.0532167 -0.0535364 -0.1324809 -0.0625960 0.1404742 -0.1378100 0.1237664 -0.0879871 -0.1639343 -0.0398725 -0.0791114 -0.0533314 -0.0852608 -0.0276932 -0.1047869 -0.0337965 -0.1295611 -0.1651177 -0.0768814 -0.0412450 0.0485874 -0.0273099 0.0296731 -0.1253167 -0.0904643 -0.0671340 -0.0838128 0.0261091 -0.1204690 -0.0076663 -0.0525705 -0.0631972 -0.0775569 0.0105186 0.0414996 0.2007031 -0.0030986 0.0310828 -0.0782698 -0.1207048 0.0533312 -0.0216645 -0.0017287 0.0390598 -0.0335375 0.1260112 -0.0172573 -0.0742503 -0.0978716 -0.0686751 0.1798695 0.1050765 0.1078034 -0.0380715 -0.0472404 -0.0349885 0.2202732 0.0042342 0.0053925 0.2729474 -0.0768398 0.0708338 0.0112656 -0.0233763 0.0635458 -0.0208299 0.0147446 0.0575659 0.0022613 0.0631998 -0.0090059 -0.0923568 0.0541311 0.0385821 -0.0407718 0.0455497 -0.0446339 -0.0061836 0.1186543 -0.0331391 0.0498356 0.0920354 0.1055945 0.0382900 0.0020557 -0.0198701 0.0680097 0.0620617 -0.0072985 0.0756944 0.0697115 0.0682768 0.0329175 0.0295415 -0.0776431 -0.0948406 0.0052440 0.0907580 0.0419481 -0.1060435 0.0037533 -0.0168121 -0.0512248 -0.0997992 -0.1144367 0.0161554 -0.0083061 -0.0811994 0.0565752 -0.0190690 0.0303702 -0.0819178 0.2519800 0.1103060 -0.0161337 -0.0162819 -0.0386027 -0.0837937 -0.0314125 -0.0283160 0.0636375 0.0371493 0.1786459 0.0126029 0.0407066 -0.1010877 -0.1235607 0.1429732 -0.0853705 -0.0508158 -0.0398393 -0.0099849 -0.0395116 0.0214314 -0.0752049 -0.0096318 0.0560518 -0.1481926 -0.0072780 -0.0298196 -0.0295797 0.0446167 0.0085042 -0.0024574 0.0255711 0.1075962 0.1963864 -0.0243301 0.0300138 -0.0702709 -0.0357188 -0.0867228 0.0773041 -0.0740236
